Sharpe: 6.796089726865724
Kelly: 0.5471147262343491
