Sharpe: 7.079059496166202
Kelly: 0.5587010790137291
PCR: 0.510862471203987
