Sharpe: 6.832327685498889
Kelly: 0.5430906078232941
