Sharpe: 7.108660741408513
Kelly: 0.5558260758309607
