Sharpe: 6.938192749841308
Kelly: 0.5492830148137495
