Sharpe: 6.64135481692348
Kelly: 0.5303748217847907
