Sharpe: 5.964397757309832
Kelly: 0.5124404928427981
PCR: 0.4279299933311421
P: 0.8128078817733988
B: 0.6232105252606206
E: 0.3193583087093715
