Sharpe: 7.037026393086545
Kelly: 0.5565208257584492
PCR: 0.5087127504976205
