Sharpe: 6.785016457365386
Kelly: 0.5356868303737985
