Sharpe: 7.298989190962101
Kelly: 0.567716893469483
