Sharpe: 6.105915190655916
Kelly: 0.5228086716286269
PCR: 0.43710416999927354
P: 0.8168316831683167
B: 0.6229727254084578
E: 0.3256955430316612
