Sharpe: 6.918303477308406
Kelly: 0.5452791612609607
