Sharpe: 7.011261617685105
Kelly: 0.55017083147883
