Sharpe: 7.005924100814084
Kelly: 0.5535357895927885
PCR: 0.506382741473362
