Sharpe: 7.230408384859728
Kelly: 0.5617466007439912
