Sharpe: 7.026423424920897
Kelly: 0.5500895830013084
