Sharpe: 7.001400596958157
Kelly: 0.5513387883549861
