Sharpe: 7.462097679108921
Kelly: 0.5761917535936741
