Sharpe: 6.854977305135839
Kelly: 0.5524637309001502
