Sharpe: 6.851406522845216
Kelly: 0.5405131184551433
