Sharpe: 7.110325280320116
Kelly: 0.5545394436844358
