Sharpe: 6.799853653719566
Kelly: 0.537614308066437
