Sharpe: 6.656929256263278
Kelly: 0.532600086360038
