Sharpe: 6.921419206800179
Kelly: 0.5530767907481617
