Sharpe: 6.812458441968435
Kelly: 0.5440557504424349
