Sharpe: 6.769382043277085
Kelly: 0.547607703544755
