Sharpe: 7.167914940205485
Kelly: 0.565217242845846
PCR: 0.5164701616073148
P: 0.8168316831683167
B: 0.727972196655063
E: 0.4114624378618087
