Sharpe: 6.814016978214983
Kelly: 0.5412535466446113
