Sharpe: 7.033616045187218
Kelly: 0.5511358616364377
