Sharpe: 7.571635851870719
Kelly: 0.5768697229960688
