Sharpe: 7.475252120089461
Kelly: 0.573524679424096
