Sharpe: 7.319849708396666
Kelly: 0.5665938145866996
