Sharpe: 7.105773805249956
Kelly: 0.5633921364582036
PCR: 0.5148399485900309
