Sharpe: 6.904589474030118
Kelly: 0.5434319628232832
