Sharpe: 7.23266504336972
Kelly: 0.5642635379885712
