Sharpe: 7.123002655582918
Kelly: 0.5630001162456508
PCR: 0.5142298430762785
