Sharpe: 7.356385062523108
Kelly: 0.5705443525592659
