Sharpe: 7.423167833663583
Kelly: 0.5710241930407222
