Sharpe: 7.626264674886524
Kelly: 0.5831374929655789
