Sharpe: 7.394957349016192
Kelly: 0.5678672835219065
