Sharpe: 6.895964438505796
Kelly: 0.5482476600246883
PCR: 0.5008676607537834
