Sharpe: 7.249769985466939
Kelly: 0.5662651115199393
