Sharpe: 7.671782331750175
Kelly: 0.5842119607804732
