Sharpe: 6.666058226675399
Kelly: 0.5364354140074576
