Sharpe: 6.995677202367447
Kelly: 0.5523920508168961
