Sharpe: 6.991404787273543
Kelly: 0.5520243271141514
