Sharpe: 7.3069965128047185
Kelly: 0.5692311023803117
