Sharpe: 7.123002655582918
Kelly: 0.5630001162456508
PCR: 0.5142298430762785
P: 0.8159203980099501
B: 0.7278166887446248
E: 0.40976088036874836
