Sharpe: 6.939441539981302
Kelly: 0.547951717668777
