Sharpe: 7.36713022044237
Kelly: 0.5722048682010185
