Sharpe: 7.057963540307555
Kelly: 0.5610221861619308
