Sharpe: 7.093773149105419
Kelly: 0.5601365252369973
PCR: 0.5120038232506833
