Sharpe: 6.782322675159082
Kelly: 0.5491264352471262
