Sharpe: 6.8449691992741535
Kelly: 0.5496247307892312
