Sharpe: 7.633709913500707
Kelly: 0.5806750453919028
