Sharpe: 6.652861466106781
Kelly: 0.5343134657901302
