Sharpe: 6.761657845949155
Kelly: 0.5409829823933743
