Sharpe: 7.11055432357974
Kelly: 0.5616250063153945
PCR: 0.5131916128077936
