Sharpe: 6.517823803427475
Kelly: 0.5245882691004918
