Sharpe: 6.941098699944885
Kelly: 0.5505804008786949
PCR: 0.5031779212803852
