Sharpe: 7.057963540307555
Kelly: 0.5610221861619308
PCR: 0.5124494293226595
