Sharpe: 6.96744275125363
Kelly: 0.5551029309067332
