Sharpe: 6.971218265826282
Kelly: 0.5517702774229193
