Sharpe: 6.361631470426001
Kelly: 0.5161246313684704
