Sharpe: 7.619607651640952
Kelly: 0.5791781258934237
