Sharpe: 7.553299556886231
Kelly: 0.5799876432285621
