Sharpe: 7.112637186967351
Kelly: 0.5539616487413889
