Sharpe: 7.300644187198334
Kelly: 0.5648750414596719
