Sharpe: 7.095079814741847
Kelly: 0.5607215200772437
