Sharpe: 6.9458555227269905
Kelly: 0.5529238628236512
PCR: 0.5067411589447941
