Sharpe: 7.020672308718467
Kelly: 0.5550131948158591
PCR: 0.5075239538958328
