Sharpe: 6.964934307328833
Kelly: 0.5533463436356756
