Sharpe: 7.068939849768987
Kelly: 0.5555299830520591
