Sharpe: 7.012900907283169
Kelly: 0.5544673672507894
