Sharpe: 7.1464350617246
Kelly: 0.5603817830325684
