Sharpe: 5.925338930742163
Kelly: 0.5522192329216278
PCR: 0.49028514949437524
