Sharpe: 5.861252782290919
Kelly: 0.5471713576337486
PCR: 0.4858336713616854
