Sharpe: 5.909072006808559
Kelly: 0.5495546129961743
PCR: 0.48948123203013566
P: 0.7981220657276996
B: 0.812165599533848
E: 0.4463293517406297
