Sharpe: 5.901656898603647
Kelly: 0.5504666112641894
PCR: 0.4887147624406606
