Sharpe: 5.015789337016284
Kelly: 0.4992537831776713
PCR: 0.4130640857058097
P: 0.7887323943661972
B: 0.7298211248367951
E: 0.3643659576177535
