Sharpe: 5.887009737990842
Kelly: 0.5478529614717
PCR: 0.4879747755680478
P: 0.7971698113207548
B: 0.8135438451193573
E: 0.44570240483571394
