Sharpe: 5.881324962862039
Kelly: 0.5488351062767136
PCR: 0.4872669033839463
