Sharpe: 5.887009737990842
Kelly: 0.5478529614717
PCR: 0.4879747755680478
