Sharpe: 5.837669441155975
Kelly: 0.5453899075501873
PCR: 0.48424924285755233
