Sharpe: 5.858169166376789
Kelly: 0.5484038248752772
PCR: 0.48683252948491645
