Sharpe: 4.59924844691629
Kelly: 0.3261695203011735
