Sharpe: 4.547622106240079
Kelly: 0.32434619792547614
