Sharpe: 5.246195703279101
Kelly: 0.366128571922104
