Sharpe: 4.348367499361501
Kelly: 0.31219959387916707
