Sharpe: 5.152437876622471
Kelly: 0.36599944985669014
