Sharpe: 5.224868620260373
Kelly: 0.3665237371910772
