Sharpe: 5.276971060680509
Kelly: 0.36924791460214906
