Sharpe: 5.119221323493073
Kelly: 0.36248976534077676
PCR: 0.26965061088658354
