Sharpe: 5.2143362797420805
Kelly: 0.3553912211596043
