Sharpe: 4.655390275986143
Kelly: 0.3328677127841371
