Sharpe: 5.152458035007862
Kelly: 0.3520697940641369
