Sharpe: 5.2431639058707855
Kelly: 0.36511970092054813
