Sharpe: 5.299163401686172
Kelly: 0.3690169220872948
