Sharpe: 5.065197697996409
Kelly: 0.35745972908501017
PCR: 0.2660817321100919
