Sharpe: 4.88856079684908
Kelly: 0.3464380265355168
PCR: 0.2573790598470788
P: 0.6887417218543046
B: 0.9093044638499155
E: 0.3150176439761009
