Sharpe: 4.879725664766735
Kelly: 0.3457936587647958
