Sharpe: 5.09013910762016
Kelly: 0.36005985057323575
PCR: 0.267852181048065
