Sharpe: 4.93939540180773
Kelly: 0.3493720837162423
PCR: 0.2604564707956725
