Sharpe: 3.534718242134922
Kelly: 0.26954126103344184
PCR: 0.18350653241498627
P: 0.6699669966996705
B: 0.8242052742969203
E: 0.22215732898440574
