Sharpe: 5.214822391767317
Kelly: 0.3568657282407713
