Sharpe: 5.322077981637762
Kelly: 0.3706840494934458
