Sharpe: 4.988494399903558
Kelly: 0.3465324215393726
