Sharpe: 5.072156192005415
Kelly: 0.3542943118613614
