Sharpe: 4.945222778269141
Kelly: 0.35038425559002967
PCR: 0.2603281117668626
P: 0.6910299003322259
B: 0.9070132098756329
E: 0.317803148352597
