Sharpe: 4.723828988553239
Kelly: 0.33603278416514726
