Sharpe: 4.821355042414759
Kelly: 0.3424799875998433
