Sharpe: 5.121417831934104
Kelly: 0.3617124738547619
