Sharpe: 4.957559551033525
Kelly: 0.35005344708911273
