Sharpe: 5.275278027657205
Kelly: 0.371563716127411
