Sharpe: 4.906623823520856
Kelly: 0.3447142905862554
