Sharpe: 4.555394703915746
Kelly: 0.32570678417498017
