Sharpe: 5.24121593552739
Kelly: 0.36959311406846956
