Sharpe: 4.996063499088735
Kelly: 0.35313932689243066
