Sharpe: 5.191554913351212
Kelly: 0.3668520036716433
