Sharpe: 4.624428987835619
Kelly: 0.3282569357538854
