Sharpe: 5.201131232438033
Kelly: 0.36870149194182844
PCR: 0.2742680671006566
