Sharpe: 5.287045593798301
Kelly: 0.37072126715862386
