Sharpe: 5.173414325491542
Kelly: 0.3659570866742081
