Sharpe: 4.812710845623477
Kelly: 0.3374599785185925
