Sharpe: 4.489826693613483
Kelly: 0.3224820200043095
