Sharpe: 4.886941177503893
Kelly: 0.34522834636081456
