Sharpe: 5.208022731480669
Kelly: 0.3572315792820688
