Sharpe: 5.254662577311021
Kelly: 0.3671702099975935
