Sharpe: 4.991199828973229
Kelly: 0.3522397196518621
