Sharpe: 3.55993358092885
Kelly: 0.27177439747131227
PCR: 0.1850273221477322
P: 0.6721854304635767
B: 0.8186951470509479
E: 0.22250038030245878
