Sharpe: 5.1480775318958
Kelly: 0.3649131440191692
PCR: 0.2714510812366228
