Sharpe: 4.40330024094781
Kelly: 0.3167591993262158
