Sharpe: 5.123947142243633
Kelly: 0.3608566422408684
