Sharpe: 5.280134698607029
Kelly: 0.3611553641345467
