Sharpe: 4.631594194648783
Kelly: 0.3309348767278721
