Sharpe: 4.338090898515111
Kelly: 0.3128917545594773
