Sharpe: 5.224607232362853
Kelly: 0.36878015052122987
