Sharpe: 5.19910719786422
Kelly: 0.35304214464335854
