Sharpe: 5.017710018678195
Kelly: 0.3566011577285942
