Sharpe: 5.280677967684162
Kelly: 0.3695726279029999
