Sharpe: 5.092935341319817
Kelly: 0.359222333533594
