Sharpe: 5.221391575251018
Kelly: 0.3662140340123287
