Sharpe: 4.919247111628172
Kelly: 0.34824623939924015
