Sharpe: 5.074007087888331
Kelly: 0.34777998788565523
