Sharpe: 5.065024876763512
Kelly: 0.35857342079568494
