Sharpe: 4.8384351535312
Kelly: 0.33957758546781164
