Sharpe: 5.293190853056238
Kelly: 0.35983954622157543
