Sharpe: 4.614781287780012
Kelly: 0.32956474235134514
