Sharpe: 5.367904646450077
Kelly: 0.36386730416928303
