Sharpe: 4.469099502764825
Kelly: 0.32063101346997347
