Sharpe: 5.117873557491707
Kelly: 0.35970233223855796
