Sharpe: 5.034615690202788
Kelly: 0.3555304104376773
PCR: 0.2648560818658146
