Sharpe: 4.938078442345222
Kelly: 0.3498831891358931
