Sharpe: 5.177050949296002
Kelly: 0.35367724645371335
