Sharpe: 5.010005187162961
Kelly: 0.35213065648343034
