Sharpe: 4.452729534314747
Kelly: 0.31936740467098285
