Sharpe: 4.932112013307779
Kelly: 0.34590871861059064
