Sharpe: 4.692188077815433
Kelly: 0.3332914306877459
