Sharpe: 5.18485199237168
Kelly: 0.35520379230897964
