Sharpe: 5.412820145516094
Kelly: 0.366667034360632
