Sharpe: 5.0557915832660765
Kelly: 0.35747341778693253
PCR: 0.26631716135284433
