Sharpe: 4.891463336142479
Kelly: 0.34666513254895465
PCR: 0.2580400214031503
