Sharpe: 4.490561449351227
Kelly: 0.3209144172713348
