Sharpe: 5.148614843069263
Kelly: 0.3623128689148883
