Sharpe: 4.661337171337511
Kelly: 0.33243630434759414
