Sharpe: 5.290524376818105
Kelly: 0.3729387123991368
