Sharpe: 5.448612089662036
Kelly: 0.3691275359779242
