Sharpe: 5.013029175598527
Kelly: 0.35375803460964395
PCR: 0.26332066144085403
