Sharpe: 5.33925117055298
Kelly: 0.37259062944708704
