Sharpe: 4.833880728820676
Kelly: 0.3406244746335623
