Sharpe: 5.012793191443599
Kelly: 0.3509935043499586
