Sharpe: 5.090053825717483
Kelly: 0.3559051090041579
