Sharpe: 4.330066720560607
Kelly: 0.3120501362984379
