Sharpe: 4.945222778269141
Kelly: 0.35038425559002967
PCR: 0.2603281117668626
