Sharpe: 5.291974020445009
Kelly: 0.37237071375535113
