Sharpe: 5.048802756251383
Kelly: 0.35860609457812886
