Sharpe: 4.82571437085326
Kelly: 0.34175938519137844
