Sharpe: 4.489492527281598
Kelly: 0.3218699459961038
