Sharpe: 4.9923388935287205
Kelly: 0.3492775699726202
