Sharpe: 5.216485411621566
Kelly: 0.35569012346174395
