Sharpe: 3.5712162526414173
Kelly: 0.27200894031449807
PCR: 0.18523241218592737
P: 0.6710526315789479
B: 0.8243392280647691
E: 0.22422763988556924
