Sharpe: 4.801612061593876
Kelly: 0.3358650706596683
