Sharpe: 4.395635368239597
Kelly: 0.31594529448760417
