Sharpe: 5.169883771363022
Kelly: 0.36349576031521497
