Sharpe: 4.747222268607147
Kelly: 0.33520913542114805
