Sharpe: 4.994918989640028
Kelly: 0.3434264978137063
