Sharpe: 5.137795121427746
Kelly: 0.36271743030060805
PCR: 0.27023575803746513
