Sharpe: 4.949474465884801
Kelly: 0.3487386903711203
