Sharpe: 8.14669240410374
Kelly: 0.5318633804696506
