Sharpe: 8.444026837996649
Kelly: 0.5425131486985508
