Sharpe: 8.203964829791888
Kelly: 0.5327642836705414
PCR: 0.28099888115300264
P: 0.7475083056478405
B: 1.1757798518780225
E: 0.6264135105400499
