Sharpe: 8.11428517359364
Kelly: 0.530194683070336
PCR: 0.2787052823816338
