Sharpe: 8.396228701593294
Kelly: 0.5346498433117046
