Sharpe: 8.24575664962786
Kelly: 0.5298483398622406
