Sharpe: 8.189162069303851
Kelly: 0.5336751597083235
