Sharpe: 8.391586641276437
Kelly: 0.5331190632553194
