Sharpe: 8.36919149088314
Kelly: 0.5395432451187521
