Sharpe: 8.284022666595733
Kelly: 0.5330149223173206
