Sharpe: 5.065140627137264
Kelly: 0.435659297834239
PCR: 0.21849838463343263
P: 0.7105263157894731
B: 1.0531408473957808
E: 0.4588106020970013
