Sharpe: 8.223015365279506
Kelly: 0.5357451724743941
PCR: 0.283062674345332
