Sharpe: 8.436236089852251
Kelly: 0.5360108288064833
