Sharpe: 8.390431805357345
Kelly: 0.5341088581363125
