Sharpe: 8.252496096007382
Kelly: 0.5302290587192301
