Sharpe: 5.193988155704842
Kelly: 0.44430371201658375
PCR: 0.22218237966675655
P: 0.711920529801324
B: 1.0764625055455028
E: 0.4782762870605392
