Sharpe: 8.47398120466108
Kelly: 0.5411877087875999
