Sharpe: 8.154604022295814
Kelly: 0.5319963423134144
PCR: 0.280747522349291
