Sharpe: 8.355049334205585
Kelly: 0.5416981202893317
