Sharpe: 8.518664149853581
Kelly: 0.5430133088910173
