Sharpe: 8.259342071247803
Kelly: 0.5353401524676927
