Sharpe: 8.442688180452619
Kelly: 0.5365755751309906
