Sharpe: 8.183819877790178
Kelly: 0.5317770700484317
PCR: 0.2806247689605772
