Sharpe: 8.46209950200097
Kelly: 0.5374584301559404
