Sharpe: 8.563795806247365
Kelly: 0.5458513244326426
