Sharpe: 8.19039638557941
Kelly: 0.5275968458812759
