Sharpe: 8.41761903387181
Kelly: 0.5434920936689018
