Sharpe: 8.203964829791888
Kelly: 0.5327642836705414
PCR: 0.28099888115300264
