Sharpe: 8.226342461122854
Kelly: 0.5347968985539852
PCR: 0.28207829708073795
