Sharpe: 8.084334454571989
Kelly: 0.527769519161249
PCR: 0.2774297092372446
