Sharpe: 8.14673489381883
Kelly: 0.5327463935890369
PCR: 0.2800566868374615
