Sharpe: 8.13046901554622
Kelly: 0.5284868146077828
PCR: 0.2787477526541738
P: 0.7450331125827815
B: 1.1774243651427183
E: 0.6222532521758661
