Sharpe: 8.396248630269442
Kelly: 0.5349062318686514
