Sharpe: 8.22529381744365
Kelly: 0.5305968926105908
