Sharpe: 8.289736475270908
Kelly: 0.5303612947578079
