Sharpe: 8.37397575113631
Kelly: 0.5341373093721865
