Sharpe: 8.367156068800126
Kelly: 0.5350551118590422
