Sharpe: 8.166611337074263
Kelly: 0.5323783057800012
PCR: 0.27968782143725524
