Sharpe: 8.318246644768017
Kelly: 0.5377166433630753
