Sharpe: 8.440205027766298
Kelly: 0.5367261794835642
