Sharpe: 8.58474403228395
Kelly: 0.5431104453374379
