Sharpe: 8.401194916421352
Kelly: 0.5422981031774733
