Sharpe: 8.318199233809182
Kelly: 0.5319192748684379
