Sharpe: 8.389863928913451
Kelly: 0.540518208982268
