Sharpe: 8.339665610875613
Kelly: 0.5368949220842012
