Sharpe: 8.32920299534267
Kelly: 0.5313715599414023
