Sharpe: 8.365909857480874
Kelly: 0.5409677444155957
