Sharpe: 5.01757499766708
Kelly: 0.43299526030638946
PCR: 0.21653319853166256
P: 0.709570957095709
B: 1.0500888048942487
E: 0.45468347542001064
