Sharpe: 8.216275010548916
Kelly: 0.5366008257876655
PCR: 0.2834693933240361
