Sharpe: 8.117997691318694
Kelly: 0.5246624748311685
