Sharpe: 8.37897889643901
Kelly: 0.5385983352974897
