Sharpe: 8.297444217363775
Kelly: 0.5323120684197153
