Sharpe: 8.254257653478248
Kelly: 0.5382502462306783
PCR: 0.28439358825162775
