Sharpe: 8.325380949951876
Kelly: 0.5384346914214463
