Sharpe: 8.515393724058836
Kelly: 0.539550021806689
