Sharpe: 8.136525131569476
Kelly: 0.5298628578549937
PCR: 0.27917729133066616
