Sharpe: 8.259891894456539
Kelly: 0.5285884234729813
