Sharpe: 8.51342160287398
Kelly: 0.5438822383850875
