Sharpe: 8.280682229177124
Kelly: 0.5328338602477869
