Sharpe: 8.129830136370291
Kelly: 0.5306441415525771
PCR: 0.28035850625291914
