Sharpe: 8.404689714770397
Kelly: 0.5394378075550574
