Sharpe: 8.329775403613453
Kelly: 0.5348778561932892
