Sharpe: 8.357605626504863
Kelly: 0.5329046903476955
