Sharpe: 8.315596857425222
Kelly: 0.5327172128726116
