Sharpe: 8.341724329286412
Kelly: 0.5396280411151771
