Sharpe: 8.338685712615092
Kelly: 0.5398222260011888
