Sharpe: 8.408218734982597
Kelly: 0.5395688742360139
