Sharpe: 6.997579649472505
Kelly: 0.4414912796335178
