Sharpe: 7.274624156203738
Kelly: 0.45944884808413006
