Sharpe: 7.4067385719439
Kelly: 0.4697860150108588
