Sharpe: 6.977309658013265
Kelly: 0.4448347999644194
