Sharpe: 7.299602516439117
Kelly: 0.4584075369430418
