Sharpe: 6.880322398578089
Kelly: 0.43985956774968155
