Sharpe: 6.888044759392536
Kelly: 0.4398625607342889
