Sharpe: 7.327206454310088
Kelly: 0.4663385538609648
