Sharpe: 6.794555940087416
Kelly: 0.4300944299321633
PCR: 0.22427004423634353
