Sharpe: 6.731652846787461
Kelly: 0.42692703070015947
