Sharpe: 7.090506892536495
Kelly: 0.4417976559244651
