Sharpe: 6.672702706262541
Kelly: 0.42340964342986354
PCR: 0.21923135160839236
P: 0.6622516556291392
B: 1.4141077663047938
E: 0.5987468651025136
