Sharpe: 7.102931996379014
Kelly: 0.444089836263056
