Sharpe: 6.796910704694954
Kelly: 0.43628921000118076
