Sharpe: 6.881010247671179
Kelly: 0.4389820139853627
