Sharpe: 7.148720804962158
Kelly: 0.4473362893114395
