Sharpe: 6.955510655725429
Kelly: 0.4429344511776472
