Sharpe: 7.078318504953335
Kelly: 0.44595296070438173
