Sharpe: 6.679091139698253
Kelly: 0.42440192734061605
