Sharpe: 6.942213128594356
Kelly: 0.4406720694136619
