Sharpe: 7.041960840866082
Kelly: 0.4435921743795892
