Sharpe: 7.07078052728829
Kelly: 0.45422138053249145
