Sharpe: 6.920787884071744
Kelly: 0.43826329326722246
