Sharpe: 6.620175625942481
Kelly: 0.42256072798067407
