Sharpe: 6.950715101365692
Kelly: 0.4436540274385457
