Sharpe: 7.01323236758638
Kelly: 0.443276783254432
