Sharpe: 6.8654654543044
Kelly: 0.438047100282575
