Sharpe: 6.726535894218917
Kelly: 0.4277035748117989
