Sharpe: 6.728595393756944
Kelly: 0.4261463584991793
PCR: 0.22129759874087626
