Sharpe: 7.368975138415072
Kelly: 0.4664289421875219
