Sharpe: 7.205054597457042
Kelly: 0.4498284744965808
