Sharpe: 6.819935186082531
Kelly: 0.4320065705530101
PCR: 0.22433782987121306
