Sharpe: 6.8709407470190556
Kelly: 0.43964057063524126
