Sharpe: 6.990357150706998
Kelly: 0.43778021882156565
