Sharpe: 7.380396710038194
Kelly: 0.46728337202301345
