Sharpe: 7.277430320016123
Kelly: 0.46375988698619963
