Sharpe: 6.893060336801555
Kelly: 0.43532913163155995
PCR: 0.22700062910695593
