Sharpe: 7.0915387344732626
Kelly: 0.44083118741627025
