Sharpe: 7.328209217986491
Kelly: 0.4610073094879411
