Sharpe: 7.270885408650921
Kelly: 0.45829090255674343
