Sharpe: 6.76440200641854
Kelly: 0.4296190878089992
