Sharpe: 7.045403211508272
Kelly: 0.4385638154713415
