Sharpe: 6.60234701294652
Kelly: 0.42252655651778465
