Sharpe: 7.09019482104037
Kelly: 0.4476034141920502
