Sharpe: 6.74283750550333
Kelly: 0.4276254011264632
PCR: 0.2220650778738988
