Sharpe: 6.855293404424304
Kelly: 0.4351515648831882
