Sharpe: 6.834465465970352
Kelly: 0.4327910575229107
