Sharpe: 7.043816468319243
Kelly: 0.45468778183879677
