Sharpe: 6.751506506842974
Kelly: 0.4281649657431411
PCR: 0.2223626031600398
