Sharpe: 7.217634828980919
Kelly: 0.45566837558538664
