Sharpe: 6.809405848420362
Kelly: 0.43079228386551827
PCR: 0.22437219930845342
