Sharpe: 7.065558244064104
Kelly: 0.4411730037476402
