Sharpe: 7.0546410364697945
Kelly: 0.43987078067846247
