Sharpe: 6.901873464543382
Kelly: 0.4401876329815353
