Sharpe: 7.100636840110141
Kelly: 0.4490835857578903
