Sharpe: 6.867704503664208
Kelly: 0.43375447298325503
PCR: 0.2265246335052551
