Sharpe: 7.013382499905714
Kelly: 0.43673010997761896
