Sharpe: 7.127852393576586
Kelly: 0.45706202482131686
