Sharpe: 6.760443672432557
Kelly: 0.42875621120184076
