Sharpe: 6.68221282725713
Kelly: 0.4262496426478941
