Sharpe: 6.851703514623024
Kelly: 0.4364216852843515
