Sharpe: 7.050797127465588
Kelly: 0.4458074549712438
