Sharpe: 7.441765568749789
Kelly: 0.46961212724117635
