Sharpe: 7.170698366268828
Kelly: 0.44534375253833697
