Sharpe: 7.096091487999694
Kelly: 0.44193906502870234
