Sharpe: 6.9577660849767815
Kelly: 0.43978321470460513
PCR: 0.22967609776119688
