Sharpe: 6.743336495284021
Kelly: 0.4290852764994013
