Sharpe: 6.866613944643546
Kelly: 0.4360523037429475
