Sharpe: 4.062169404234486
Kelly: 0.3261237415550324
PCR: 0.16471125557847038
P: 0.6217105263157892
B: 1.2797915643975482
E: 0.41737041339189657
