Sharpe: 7.067968398913784
Kelly: 0.4401762391799927
