Sharpe: 6.8617683883684135
Kelly: 0.43818534134831527
