Sharpe: 4.110771167793413
Kelly: 0.33006450584844127
PCR: 0.16619149771553723
P: 0.6225165562913905
B: 1.290753281219506
E: 0.4260318439379704
