Sharpe: 6.863041288155286
Kelly: 0.43708873764362216
