Sharpe: 6.908968325927369
Kelly: 0.44180381291432064
