Sharpe: 6.793641441099109
Kelly: 0.43069070328194226
