Sharpe: 6.751227693714442
Kelly: 0.42716181319179575
PCR: 0.2227331055782992
