Sharpe: 6.680306626690685
Kelly: 0.42537213454623307
