Sharpe: 7.032583678971443
Kelly: 0.4460177245270198
