Sharpe: 7.141489694013127
Kelly: 0.4441592138654888
