Sharpe: 7.463356755870294
Kelly: 0.4724999082091877
