Sharpe: 6.954640929078547
Kelly: 0.4482581442516355
