Sharpe: 7.134872185164972
Kelly: 0.44288356238833304
