Sharpe: 6.7396053254377355
Kelly: 0.42736734945053867
PCR: 0.2212867373628502
