Sharpe: 7.001154522440438
Kelly: 0.44184875739713425
