Sharpe: 7.264327481531845
Kelly: 0.46070270224463283
