Sharpe: 7.149857672944133
Kelly: 0.4462823539303168
