Sharpe: 6.997537355063814
Kelly: 0.437040954827834
