Sharpe: 7.013549018396206
Kelly: 0.4431168484195875
