Sharpe: 6.816673272463815
Kelly: 0.43291405034988756
