Sharpe: 6.802155052576669
Kelly: 0.4350940151844063
