Sharpe: 6.9728394256735315
Kelly: 0.4498468194547156
