Sharpe: 6.7396053254377355
Kelly: 0.42736734945053867
PCR: 0.2212867373628502
P: 0.664451827242525
B: 1.4153105925891867
E: 0.6048575366041119
