Sharpe: 7.038387258104072
Kelly: 0.44455073804694883
