Sharpe: 6.947765214875421
Kelly: 0.4429169026260097
