Sharpe: 6.920290139377838
Kelly: 0.43711143649236683
PCR: 0.22828035994275916
