Sharpe: 7.191201621003731
Kelly: 0.446468029653533
