Sharpe: 7.191007015935456
Kelly: 0.45226546999695233
