Sharpe: 7.197875408089188
Kelly: 0.46026338534907785
