Sharpe: 6.948655684630239
Kelly: 0.4423522937438594
