Sharpe: 6.822727890077245
Kelly: 0.4361912060848456
