Sharpe: 7.401176494746751
Kelly: 0.46636690711735423
