Sharpe: 4.010734237090704
Kelly: 0.3229974727792874
PCR: 0.1626279689294254
P: 0.6204620462046202
B: 1.2759097643963575
E: 0.4121156293944395
