Sharpe: 7.151752080375016
Kelly: 0.45265726560456343
