Sharpe: 7.464871044896844
Kelly: 0.4683889155797349
