Sharpe: 7.322509937883865
Kelly: 0.46084476758256027
