Sharpe: 7.041986809097183
Kelly: 0.4564632978669946
PCR: 0.24183227713425634
