Sharpe: 7.745618707766117
Kelly: 0.4792025556079715
