Sharpe: 7.364226368340277
Kelly: 0.46291394463514146
