Sharpe: 7.840482196524535
Kelly: 0.4896467970133909
