Sharpe: 7.141916287362183
Kelly: 0.46273808816792406
