Sharpe: 7.545912513680362
Kelly: 0.4741212064653752
