Sharpe: 7.736321614860657
Kelly: 0.47793117756258524
