Sharpe: 8.209509496893546
Kelly: 0.5178502753456264
