Sharpe: 7.604958399056388
Kelly: 0.47363280038109706
