Sharpe: 7.094544379503045
Kelly: 0.46055550824499053
PCR: 0.24283338258060924
