Sharpe: 7.454863513320655
Kelly: 0.4695265313226443
