Sharpe: 7.529805396231074
Kelly: 0.4694495802522335
