Sharpe: 8.146761562639941
Kelly: 0.5152827146000671
