Sharpe: 5.145808196892255
Kelly: 0.36806592603174154
PCR: 0.18127168060444904
P: 0.6688741721854303
B: 1.100787069664941
E: 0.40516221215999376
