Sharpe: 7.032151204356808
Kelly: 0.4571081679867932
