Sharpe: 8.136714485461585
Kelly: 0.5121119256477292
