Sharpe: 6.98446002167691
Kelly: 0.4539480627149292
PCR: 0.24035680590223538
