Sharpe: 7.5387150884429595
Kelly: 0.4707998391006788
