Sharpe: 7.546505970887501
Kelly: 0.47496833849002806
