Sharpe: 8.114835496090832
Kelly: 0.5138688318705568
