Sharpe: 7.467706057853403
Kelly: 0.46825845726049886
