Sharpe: 7.166339234782271
Kelly: 0.46424981153078404
