Sharpe: 7.3825186032669725
Kelly: 0.4659049506094363
