Sharpe: 7.449551954079721
Kelly: 0.46728002554701775
