Sharpe: 7.5633982362800705
Kelly: 0.4729063782359376
