Sharpe: 7.928090214204265
Kelly: 0.4988216895528169
