Sharpe: 5.194631623917375
Kelly: 0.37146172443962394
PCR: 0.1827761526488764
P: 0.6710526315789472
B: 1.0979884922477856
E: 0.4078606987452251
