Sharpe: 7.783207179394787
Kelly: 0.4871220549148257
