Sharpe: 7.874085824657347
Kelly: 0.4924252218531771
