Sharpe: 7.518677802875715
Kelly: 0.4723184784476893
