Sharpe: 8.196752501753897
Kelly: 0.51764270049298
