Sharpe: 7.482959842951734
Kelly: 0.47203473954080605
