Sharpe: 7.296787386741081
Kelly: 0.46059822856462984
