Sharpe: 8.050976979086203
Kelly: 0.5095939577351046
