Sharpe: 7.09020904878397
Kelly: 0.46040797006872436
