Sharpe: 7.1121511747364785
Kelly: 0.46146430740571437
PCR: 0.24415896399698203
