Sharpe: 7.64556645693469
Kelly: 0.47515820037536227
