Sharpe: 7.6188583933407585
Kelly: 0.4790501974129149
