Sharpe: 7.568216496095619
Kelly: 0.4766749136227509
