Sharpe: 8.211437372470238
Kelly: 0.5192367578633358
