Sharpe: 7.536691566935662
Kelly: 0.4751877096697301
