Sharpe: 7.821731141195536
Kelly: 0.49971759626235707
