Sharpe: 7.9657227812955025
Kelly: 0.5078207340944899
