Sharpe: 7.584639949779175
Kelly: 0.4734991147446377
