Sharpe: 8.01765519596777
Kelly: 0.5066590538768521
