Sharpe: 8.06232896754533
Kelly: 0.5118783939346117
