Sharpe: 8.01770848005029
Kelly: 0.5100015901236458
