Sharpe: 6.938830141713718
Kelly: 0.45118554496186286
PCR: 0.2386409048793896
