Sharpe: 6.996531669134838
Kelly: 0.45378956115863595
PCR: 0.2407386209345883
