Sharpe: 7.468229643524702
Kelly: 0.4677266161808277
