Sharpe: 7.101535818564172
Kelly: 0.46059478397918163
PCR: 0.24274062141768368
P: 0.7052980132450329
B: 1.2043240607781096
E: 0.5547053806150242
