Sharpe: 8.054237257445683
Kelly: 0.5055800927795435
