Sharpe: 7.044435299940055
Kelly: 0.4559834698381875
PCR: 0.24226399067652585
