Sharpe: 7.4944893138824575
Kelly: 0.4722552998669951
