Sharpe: 7.9394351630981275
Kelly: 0.5064734177034761
