Sharpe: 7.484636830321477
Kelly: 0.47159100854232927
