Sharpe: 7.37409287480508
Kelly: 0.4640265666291277
