Sharpe: 7.477821260670207
Kelly: 0.47008847206210025
