Sharpe: 7.663396876545267
Kelly: 0.4769628271333343
