Sharpe: 6.9480207347408784
Kelly: 0.4530124525895981
