Sharpe: 7.2535435312560335
Kelly: 0.45838425138387356
