Sharpe: 7.115669193367525
Kelly: 0.46248843095676195
PCR: 0.24385055179997164
