Sharpe: 7.443660300612919
Kelly: 0.4700093871210649
