Sharpe: 7.058595396962649
Kelly: 0.458693697742332
