Sharpe: 7.350240873362768
Kelly: 0.4631996965145827
