Sharpe: 7.402827742832081
Kelly: 0.4672344446275083
