Sharpe: 7.544631661304897
Kelly: 0.47410255321588096
