Sharpe: 7.41280973880108
Kelly: 0.466027077881629
