Sharpe: 7.383766351141386
Kelly: 0.46444147731005964
