Sharpe: 7.454617785897555
Kelly: 0.46952325127686756
