Sharpe: 7.002286990978423
Kelly: 0.455481642941865
