Sharpe: 7.750032395526419
Kelly: 0.4803774183284773
