Sharpe: 8.112709008388116
Kelly: 0.5142699939434028
