Sharpe: 7.056336234838145
Kelly: 0.4577749016155597
PCR: 0.2413518527754125
