Sharpe: 7.487378440114797
Kelly: 0.4681016287546588
