Sharpe: 7.120326532933978
Kelly: 0.46066932171338854
PCR: 0.24391458959698745
