Sharpe: 7.325623975539694
Kelly: 0.4615446793463549
