Sharpe: 8.250748211947991
Kelly: 0.5200785048388072
