Sharpe: 8.105410587236316
Kelly: 0.5093037495176899
