Sharpe: 7.538226482439794
Kelly: 0.4727474048808395
