Sharpe: 7.083031907801688
Kelly: 0.45927026376095736
PCR: 0.24251604008324554
P: 0.7043189368770763
B: 1.2066217676796476
E: 0.5541654975019443
