Sharpe: 8.103672767229106
Kelly: 0.5101654502441267
