Sharpe: 7.919753311826626
Kelly: 0.5038746759306422
