Sharpe: 7.98585306216365
Kelly: 0.5067277757029802
