Sharpe: 7.049182340857545
Kelly: 0.4575396096506823
PCR: 0.24166814000974027
