Sharpe: 7.6264530619417386
Kelly: 0.4751232033102446
