Sharpe: 8.096722492161089
Kelly: 0.5121767374347687
