Sharpe: 7.77827444562931
Kelly: 0.48934033809257965
