Sharpe: 7.730474119970441
Kelly: 0.4836214090605604
