Sharpe: 5.139119202894762
Kelly: 0.3684811844877744
PCR: 0.18075418850397693
P: 0.6699669966996699
B: 1.0946883399885161
E: 0.4033720561639239
