Sharpe: 7.600743066740381
Kelly: 0.4724702603108957
