Sharpe: 7.7992648889515905
Kelly: 0.4825447388280788
