Sharpe: 7.083031907801688
Kelly: 0.45927026376095736
PCR: 0.24251604008324554
