Sharpe: 7.718007328132802
Kelly: 0.47827075652938805
