Sharpe: 7.089385479565586
Kelly: 0.46055108608025946
