Sharpe: 7.683298358678517
Kelly: 0.4756264466105827
