Sharpe: 7.85770069444443
Kelly: 0.49426763041195915
