Sharpe: 7.792010094271933
Kelly: 0.48900449163115123
