Sharpe: 6.910735759685863
Kelly: 0.44957988303695867
PCR: 0.23803979340568446
