Sharpe: 7.513292328233958
Kelly: 0.47045901238582744
