Sharpe: 7.13253385105338
Kelly: 0.462601058788139
