Sharpe: 9.16446291704227
Kelly: 0.571161558550658
PCR: 0.22486800424934308
P: 0.7532894736842102
B: 1.3546002881265065
E: 0.7736956117795057
