Sharpe: 11.728014956936985
Kelly: 0.6693461677489613
PCR: 0.29272861970179176
P: 0.8006644518272428
B: 1.5179573017717007
E: 1.0160389027474415
