Sharpe: 11.414675773593215
Kelly: 0.6516219249019917
PCR: 0.2731165456004577
