Sharpe: 11.65200833546698
Kelly: 0.6656105315022665
PCR: 0.2906748206820644
P: 0.7980132450331129
B: 1.5255484542605697
E: 1.0154211174728387
