Sharpe: 9.131206756745112
Kelly: 0.5697802731364228
PCR: 0.22397191505848996
P: 0.7524752475247521
B: 1.354852553027096
E: 0.7719682577233585
