Sharpe: 11.414675773593215
Kelly: 0.6516219249019917
PCR: 0.2731165456004577
P: 0.7906976744186046
B: 1.504951987020534
E: 0.9806597106673975
