Sharpe: 9.213791493517423
Kelly: 0.5741709855521497
PCR: 0.22581024459218715
P: 0.7549668874172182
B: 1.3553023605903132
E: 0.7781752921012951
