Sharpe: 11.409227120852634
Kelly: 0.6507914479363943
PCR: 0.2733343142596149
