Sharpe: 3.2236595121582394
Kelly: 0.24777516934112345
