Sharpe: 3.2408327662286167
Kelly: 0.25059506032307177
PCR: 0.18112571417752746
P: 0.6523178807947019
B: 0.8654776415168858
E: 0.21688442178419387
