Sharpe: 3.976626067052385
Kelly: 0.29658070488450866
