Sharpe: 3.383739737874064
Kelly: 0.2594820646375303
