Sharpe: 3.704886504360852
Kelly: 0.27906519288842757
