Sharpe: 3.780684283273657
Kelly: 0.28383008715133023
