Sharpe: 3.460320040614651
Kelly: 0.2622593538398965
