Sharpe: 3.947961135923473
Kelly: 0.29361229150690665
