Sharpe: 3.586979687855968
Kelly: 0.27402048880513913
