Sharpe: 3.3926986307453357
Kelly: 0.26051524022906636
