Sharpe: 1.928921881136252
Kelly: 0.19316354402581806
PCR: 0.14177366119833698
P: 0.6237623762376241
B: 0.8737543987980674
E: 0.1687774962799827
