Sharpe: 3.2443932302615113
Kelly: 0.24963184289779225
