Sharpe: 3.4062379166985215
Kelly: 0.25869186023107443
