Sharpe: 3.9743863645294697
Kelly: 0.29640473198720824
