Sharpe: 3.1927483554208353
Kelly: 0.2460412198065732
