Sharpe: 3.5383411854041227
Kelly: 0.2708130758128872
