Sharpe: 3.3090781834255596
Kelly: 0.25387357976158315
PCR: 0.18512728456397204
