Sharpe: 3.894935980657091
Kelly: 0.2901876292114381
