Sharpe: 3.66355016461864
Kelly: 0.2794064344876706
