Sharpe: 4.080821328134727
Kelly: 0.30299893512263887
