Sharpe: 3.294792232087743
Kelly: 0.2509330130243165
