Sharpe: 3.2497414213641083
Kelly: 0.2511574032112429
PCR: 0.1821842486686259
