Sharpe: 3.575610405674002
Kelly: 0.27070865395863947
