Sharpe: 3.4351031791921036
Kelly: 0.2622028386888666
