Sharpe: 3.4025743769652514
Kelly: 0.2618185882783187
