Sharpe: 3.4350684653131776
Kelly: 0.2628296042531477
