Sharpe: 3.503927944871719
Kelly: 0.26562848412127327
