Sharpe: 3.5101421492655143
Kelly: 0.2685658367656462
