Sharpe: 3.4752089415118097
Kelly: 0.267384614002293
