Sharpe: 3.952458703680977
Kelly: 0.2938445500774995
