Sharpe: 3.257845802657631
Kelly: 0.2482507996109406
