Sharpe: 3.562894210994162
Kelly: 0.27196265506546174
