Sharpe: 3.3522083025313627
Kelly: 0.26007224159686565
