Sharpe: 3.264155878430399
Kelly: 0.2514370072928758
