Sharpe: 3.2945652251918878
Kelly: 0.25153580372628004
