Sharpe: 3.602647142879256
Kelly: 0.2720052248511649
