Sharpe: 3.4076833133902418
Kelly: 0.2637184521915401
