Sharpe: 3.8706040820133163
Kelly: 0.290068757932001
