Sharpe: 3.257153864734406
Kelly: 0.2522105026707428
PCR: 0.1822914169200534
