Sharpe: 3.455896548302397
Kelly: 0.26782552193494197
