Sharpe: 3.895955662387371
Kelly: 0.2912554601563165
