Sharpe: 3.5327142697980998
Kelly: 0.2711113407614619
