Sharpe: 3.269488247738071
Kelly: 0.2524983787337931
