Sharpe: 3.4398661995241278
Kelly: 0.26378703492493916
