Sharpe: 3.8045774525932528
Kelly: 0.2859551670937346
