Sharpe: 3.3614320758961385
Kelly: 0.25659592141011184
