Sharpe: 3.935066237786142
Kelly: 0.29282025038437026
