Sharpe: 3.5103181227114684
Kelly: 0.2664001989935817
