Sharpe: 3.8399258217774848
Kelly: 0.287627537804685
