Sharpe: 3.3765829440525876
Kelly: 0.25903779273636973
