Sharpe: 3.101111307172722
Kelly: 0.2396557494239543
