Sharpe: 3.987756814893119
Kelly: 0.29807849934589153
