Sharpe: 3.2008363506467092
Kelly: 0.24727211625664608
