Sharpe: 3.1880253638658447
Kelly: 0.2468028425304261
PCR: 0.17920127564784114
