Sharpe: 3.9712020955622416
Kelly: 0.29564123963771277
