Sharpe: 3.1635070027242027
Kelly: 0.24379423808575348
