Sharpe: 3.9354737787744725
Kelly: 0.2937745353677067
