Sharpe: 3.7091556122588245
Kelly: 0.27944773686776664
