Sharpe: 3.2062857902528026
Kelly: 0.24840231233702345
PCR: 0.17992215462912398
