Sharpe: 3.3203067758495113
Kelly: 0.25770092645029324
