Sharpe: 3.960453452802096
Kelly: 0.2952540876437211
