Sharpe: 3.775408091594253
Kelly: 0.2835990368173306
