Sharpe: 1.964014800603371
Kelly: 0.19627439637762303
PCR: 0.14421502318020274
P: 0.6250000000000003
B: 0.8746853391343086
E: 0.17167833695894288
