Sharpe: 3.3060979491803053
Kelly: 0.25500398572138433
PCR: 0.18540397744541282
