Sharpe: 3.750120774926638
Kelly: 0.2812292775051552
