Sharpe: 3.997879143417849
Kelly: 0.2976225788662567
