Sharpe: 3.4016092358009513
Kelly: 0.2642614661194477
