Sharpe: 3.591630151777388
Kelly: 0.27156060293504425
