Sharpe: 3.4909703051284153
Kelly: 0.2676579151257869
