Sharpe: 3.6441927465783577
Kelly: 0.2776794518971086
