Sharpe: 3.7957057411505217
Kelly: 0.28440038584004734
