Sharpe: 3.395755806415173
Kelly: 0.2605224691364327
