Sharpe: 3.441735417775031
Kelly: 0.263897489123634
