Sharpe: 3.97222666749245
Kelly: 0.2954821039192434
