Sharpe: 3.701993954970282
Kelly: 0.2778929431283771
