Sharpe: 2.0087129059048894
Kelly: 0.20078488941768138
PCR: 0.147376446178592
P: 0.6258278145695367
B: 0.8803162299355601
E: 0.1767541968802016
