Sharpe: 3.5279750234534624
Kelly: 0.270462014053267
