Sharpe: 3.6550070370717993
Kelly: 0.27368580594551667
