Sharpe: 3.456250833500079
Kelly: 0.26531683101420905
