Sharpe: 3.32451202580095
Kelly: 0.2566046535912222
PCR: 0.18613282486206925
