Sharpe: 3.4452832007493823
Kelly: 0.2639471435750668
