Sharpe: 3.84363641317701
Kelly: 0.2875528097182583
