Sharpe: 3.262022986068599
Kelly: 0.2512998881774629
