Sharpe: 4.009462422173039
Kelly: 0.29863072431774157
