Sharpe: 3.862963125837
Kelly: 0.28926828394486476
