Sharpe: 3.4487598472277594
Kelly: 0.26679467407108837
