Sharpe: 3.951761589760956
Kelly: 0.2943329307762954
