Sharpe: 3.3389860332501704
Kelly: 0.2558549312875204
PCR: 0.18619275791037687
