Sharpe: 3.967455375959128
Kelly: 0.29568228691042786
