Sharpe: 3.868119954341558
Kelly: 0.2889202896555768
