Sharpe: 3.5636616002146866
Kelly: 0.26913344175460857
