Sharpe: 3.667519731337191
Kelly: 0.27623093451247116
