Sharpe: 3.2886380653022615
Kelly: 0.25255086842495
PCR: 0.1834425728261383
