Sharpe: 3.1679999811102904
Kelly: 0.24511101738192134
PCR: 0.17836023193904538
