Sharpe: 3.675501624171313
Kelly: 0.27572127018978754
