Sharpe: 3.7773183574343663
Kelly: 0.2837415271630321
