Sharpe: 3.376419695599155
Kelly: 0.25883243890534535
