Sharpe: 3.257153864734406
Kelly: 0.2522105026707428
PCR: 0.1822914169200534
P: 0.6544850498338869
B: 0.8589033350548714
E: 0.2166244418797665
