Sharpe: 3.6216625747973614
Kelly: 0.2740767556044542
