Sharpe: 3.257091942040381
Kelly: 0.25176438436181414
PCR: 0.18271581664161307
