Sharpe: 3.3152637545134724
Kelly: 0.2548963040553908
PCR: 0.18515191367274567
