Sharpe: 3.0406665070249566
Kelly: 0.23560708975406416
