Sharpe: 3.4324866605138658
Kelly: 0.261369277310427
