Sharpe: 3.4351031791921036
Kelly: 0.2622028386888666
PCR: 0.19119916424173714
