Sharpe: 11.301769916436939
Kelly: 0.6767345486220907
PCR: 0.32461552969661334
