Sharpe: 11.24392319185146
Kelly: 0.6726193163520863
PCR: 0.3239526590922998
