Sharpe: 11.276586062227192
Kelly: 0.673678967081725
PCR: 0.3244931306660066
P: 0.8139534883720932
B: 1.3263029516443061
E: 0.8935024025011792
