Sharpe: 11.205807278880492
Kelly: 0.6723813208944031
PCR: 0.32282426193323727
