Sharpe: 11.296120240929286
Kelly: 0.6757618418060471
PCR: 0.32506319142582735
