Sharpe: 8.678634612878685
Kelly: 0.5996122441513169
PCR: 0.25685906058698116
P: 0.7887788778877891
B: 1.116587624044016
E: 0.6695196110446192
