Sharpe: 11.179034628310607
Kelly: 0.6713786249214595
PCR: 0.32222894439887506
