Sharpe: 11.24392319185146
Kelly: 0.6726193163520863
PCR: 0.3239526590922998
P: 0.8133333333333336
B: 1.3265676772737147
E: 0.892275044182621
