Sharpe: 11.256566288586464
Kelly: 0.6737654348135375
PCR: 0.3243182652880068
