Sharpe: 11.427910461923846
Kelly: 0.68216353658604
PCR: 0.3270735279007469
