Sharpe: 8.622977780502316
Kelly: 0.5976023392022226
PCR: 0.25506518015221036
P: 0.7880794701986759
B: 1.1125772878491724
E: 0.66487878976193
