Sharpe: 8.672859140341913
Kelly: 0.6011339977860772
PCR: 0.2562155887094077
P: 0.7906976744186051
B: 1.1041267467455371
E: 0.6637281253336803
