Sharpe: 11.248602337679655
Kelly: 0.6744635274452915
PCR: 0.3236881880454529
