Sharpe: 7.976379243769111
Kelly: 0.47489224332620467
