Sharpe: 7.7143441756837206
Kelly: 0.4679031609404268
