Sharpe: 7.6724184415848375
Kelly: 0.4673895655169832
PCR: 0.2352657542120481
P: 0.6843853820598008
B: 1.4544732841792907
E: 0.6798056363486183
