Sharpe: 7.781044299148229
Kelly: 0.47013821323806515
PCR: 0.2393585959439676
