Sharpe: 8.281524151079331
Kelly: 0.4990793856033972
