Sharpe: 8.057180878423416
Kelly: 0.4785563495672405
