Sharpe: 7.6724184415848375
Kelly: 0.4673895655169832
PCR: 0.2352657542120481
