Sharpe: 7.540744066039036
Kelly: 0.45678469118470777
