Sharpe: 8.159148434881963
Kelly: 0.49231447617975105
