Sharpe: 7.6681152452486
Kelly: 0.46583528426053317
PCR: 0.23611182784884213
