Sharpe: 7.7991153088689735
Kelly: 0.46658804933552134
