Sharpe: 7.9071214460018835
Kelly: 0.4718426732058793
