Sharpe: 7.6608508274962155
Kelly: 0.4629530973083386
