Sharpe: 7.6494992511442685
Kelly: 0.4659724007110542
PCR: 0.2349344820260497
