Sharpe: 7.724139334693492
Kelly: 0.4659010809122513
