Sharpe: 7.71832040537722
Kelly: 0.4648678207786756
