Sharpe: 8.17479508659983
Kelly: 0.49053663250492524
