Sharpe: 7.994213367243939
Kelly: 0.47478568177144115
