Sharpe: 7.5431468727801745
Kelly: 0.4578946947071943
