Sharpe: 7.831391750413289
Kelly: 0.4737387760038125
