Sharpe: 7.7771574928809635
Kelly: 0.4690504262404956
PCR: 0.23965838402352996
