Sharpe: 7.663557052988595
Kelly: 0.46268056902872845
