Sharpe: 7.803069818432127
Kelly: 0.46972172527399136
