Sharpe: 7.750665445329263
Kelly: 0.47067417590220395
