Sharpe: 8.064036501672918
Kelly: 0.48956236085256644
