Sharpe: 7.85665680918951
Kelly: 0.46898333210680476
