Sharpe: 7.920090497261403
Kelly: 0.47164790043244265
