Sharpe: 7.541410050428935
Kelly: 0.4573332348295605
