Sharpe: 7.773092719929236
Kelly: 0.47102320115541857
PCR: 0.23875661432536813
