Sharpe: 7.5301958680892005
Kelly: 0.4584194641857298
PCR: 0.23251178328628777
