Sharpe: 7.604443787729751
Kelly: 0.46250482937446646
PCR: 0.23458797809503965
