Sharpe: 7.703040244456955
Kelly: 0.4687336938145737
