Sharpe: 7.585097488534148
Kelly: 0.45835265317047375
