Sharpe: 7.7905860717623465
Kelly: 0.46617576079013784
