Sharpe: 8.263319673164302
Kelly: 0.49410722475896807
