Sharpe: 7.625132525424221
Kelly: 0.46119349684792266
