Sharpe: 7.896339702007446
Kelly: 0.482531455758402
