Sharpe: 7.536754189807886
Kelly: 0.45953832739827616
PCR: 0.23232003921763184
