Sharpe: 8.152127395154897
Kelly: 0.494908415779553
