Sharpe: 8.2956413645444
Kelly: 0.4984904358655817
