Sharpe: 7.949054767511328
Kelly: 0.4717885446949714
