Sharpe: 7.739082887220109
Kelly: 0.46721788344442083
