Sharpe: 8.029825884975933
Kelly: 0.4857245377641134
