Sharpe: 7.938022347020572
Kelly: 0.4805293497807049
