Sharpe: 5.461909266625411
Kelly: 0.38374528801362406
PCR: 0.17261467382601325
P: 0.6688741721854308
B: 1.1613198318240112
E: 0.4456510133392386
