Sharpe: 7.7049275494299305
Kelly: 0.46562632790537484
