Sharpe: 8.20345571878753
Kelly: 0.49735627655353337
