Sharpe: 7.7625947131908655
Kelly: 0.47132947789077884
