Sharpe: 7.735453813832224
Kelly: 0.4669048495155477
