Sharpe: 7.765178655151173
Kelly: 0.46979595194236756
