Sharpe: 8.342202907030709
Kelly: 0.5031396453594469
