Sharpe: 5.448993329797885
Kelly: 0.3840494077450443
PCR: 0.1718603833976065
P: 0.6699669966996703
B: 1.1542941604502175
E: 0.44330598868446924
