Sharpe: 7.751364078379301
Kelly: 0.4693922968795198
