Sharpe: 7.916799022411579
Kelly: 0.4714455441907961
