Sharpe: 7.75163637063189
Kelly: 0.4676824813979631
