Sharpe: 7.826294396048498
Kelly: 0.46819698534974696
