Sharpe: 7.925973076206583
Kelly: 0.47273020124132226
