Sharpe: 7.695887263833383
Kelly: 0.4643062890906738
