Sharpe: 8.28524229867887
Kelly: 0.49877528936447507
