Sharpe: 7.859184469994301
Kelly: 0.46904341248836323
