Sharpe: 7.713019579603506
Kelly: 0.46781601377561516
PCR: 0.23728090712147118
