Sharpe: 7.596442436137393
Kelly: 0.46208183295266836
PCR: 0.23436598960603558
