Sharpe: 8.221066191730145
Kelly: 0.4939159065828268
