Sharpe: 7.8097105489336665
Kelly: 0.47070416901920664
