Sharpe: 7.702651900858921
Kelly: 0.4674893702218562
