Sharpe: 8.284068757102169
Kelly: 0.5005777324061004
