Sharpe: 8.05142509137595
Kelly: 0.4920552099911448
