Sharpe: 8.2752638321997
Kelly: 0.49574666895186953
