Sharpe: 7.736314542810764
Kelly: 0.4657335245117008
