Sharpe: 7.935126378557253
Kelly: 0.47955162248596866
