Sharpe: 7.852357585121618
Kelly: 0.47475830280189224
