Sharpe: 7.993402883789391
Kelly: 0.4865727946074962
