Sharpe: 7.654228544671669
Kelly: 0.4657171550371641
PCR: 0.2344126442078732
P: 0.6821192052980134
B: 1.4689361506455934
E: 0.6841087650099088
