Sharpe: 7.70953751074411
Kelly: 0.4675062234289834
