Sharpe: 7.7881771313261705
Kelly: 0.4715620720871455
