Sharpe: 8.284773186129724
Kelly: 0.49733616026404803
