Sharpe: 7.650104530667696
Kelly: 0.4620048456060777
