Sharpe: 7.816727731326596
Kelly: 0.4681879505640153
