Sharpe: 8.00384081480486
Kelly: 0.4763106634657885
