Sharpe: 7.614982033409619
Kelly: 0.46012504935601667
