Sharpe: 7.609893419459975
Kelly: 0.4597131613632431
