Sharpe: 7.666073102014136
Kelly: 0.46295280999457283
