Sharpe: 7.63500679962077
Kelly: 0.4647227207603092
PCR: 0.23489086516578903
