Sharpe: 7.641829706463335
Kelly: 0.464079527364462
PCR: 0.23559342986830806
