Sharpe: 8.002433090058748
Kelly: 0.4751277914333954
