Sharpe: 5.50893578859862
Kelly: 0.3871507096147501
PCR: 0.17391435606041541
P: 0.6710526315789477
B: 1.1586655213364003
E: 0.44857817879153183
