Sharpe: 7.6204381341518275
Kelly: 0.460795768140619
