Sharpe: 7.632553731835676
Kelly: 0.4632202377338558
