Sharpe: 7.741790300738407
Kelly: 0.46792507574921993
