Sharpe: 7.708176665671299
Kelly: 0.46513299578173506
