Sharpe: 7.597517287304204
Kelly: 0.46023001842200917
