Sharpe: 7.858797420834499
Kelly: 0.4701257657088925
