Sharpe: 7.779918994570329
Kelly: 0.46909729674411804
