Sharpe: 7.9047366916550885
Kelly: 0.4792669381305576
