Sharpe: 8.33698242496507
Kelly: 0.5009324263252776
