Sharpe: 8.36461334965932
Kelly: 0.5028493906102278
