Sharpe: 8.028071545959955
Kelly: 0.4895038198476547
