Sharpe: 7.992536582112927
Kelly: 0.47379787933443945
