Sharpe: 7.674894606396724
Kelly: 0.46510197105860923
