Sharpe: 8.242426627498471
Kelly: 0.4959717671812753
