Sharpe: 8.05652888545218
Kelly: 0.49097082941846015
