Sharpe: 8.022558225882959
Kelly: 0.4840195430283456
