Sharpe: 7.884317513959251
Kelly: 0.4771956626908758
