Sharpe: 11.271220659172755
Kelly: 0.68028792110426
PCR: 0.3166321812909692
