Sharpe: 11.2831381479689
Kelly: 0.679666726603351
PCR: 0.3173298363360188
