Sharpe: 11.279017476288933
Kelly: 0.67983452002591
PCR: 0.31676554618690794
P: 0.8245033112582786
B: 1.2130929362632061
E: 0.8247024540713186
