Sharpe: 11.289489912580523
Kelly: 0.6792225771835737
PCR: 0.3174486918969935
