Sharpe: 7.792969062179777
Kelly: 0.6011009178053038
PCR: 0.253353637762605
P: 0.7947019867549668
B: 1.0604177671065014
E: 0.6374180930647689
