Sharpe: 11.230411597200316
Kelly: 0.6782307881943567
PCR: 0.3158227187273878
