Sharpe: 7.67776108347532
Kelly: 0.594088705334016
PCR: 0.25150879192391556
P: 0.7927631578947367
B: 1.0430975872045039
E: 0.6196924951193596
