Sharpe: 11.187659846377723
Kelly: 0.677018661978923
PCR: 0.3147669010835588
