Sharpe: 11.333397103995683
Kelly: 0.6848194297804873
PCR: 0.3182178026881708
