Sharpe: 11.325903922954138
Kelly: 0.6818021547682349
PCR: 0.31845416129792264
