Sharpe: 7.623972712690699
Kelly: 0.5920075888246814
PCR: 0.24964820636849666
P: 0.792079207920792
B: 1.0392318161794203
E: 0.6152331217262732
