Sharpe: 11.289489912580523
Kelly: 0.6792225771835737
PCR: 0.3174486918969935
P: 0.8239202657807313
B: 1.2168800754618883
E: 0.8265324209785655
