Sharpe: 11.258749856945109
Kelly: 0.6808607560142081
PCR: 0.3164554429183517
