Sharpe: 10.719156585907168
Kelly: 0.6526852706878531
PCR: 0.31102645168221876
