Sharpe: 10.542037411997176
Kelly: 0.6438667718853719
PCR: 0.307926549722315
P: 0.7940199335548174
B: 1.3717997287239108
E: 0.8832562630066932
