Sharpe: 10.445016142784896
Kelly: 0.6408469182699772
PCR: 0.30575820287986993
