Sharpe: 8.052125621018861
Kelly: 0.5438406584554432
PCR: 0.2412638278817591
P: 0.7392739273927396
B: 1.334092573004617
E: 0.7255337833433473
