Sharpe: 10.513279620475663
Kelly: 0.6427645331850618
PCR: 0.30748295996533825
