Sharpe: 10.593271831156612
Kelly: 0.6470915752408923
PCR: 0.308551156368963
