Sharpe: 8.042526031344824
Kelly: 0.544916044587554
PCR: 0.24046666161134211
P: 0.7408637873754156
B: 1.3224761303075228
E: 0.72063846198863
