Sharpe: 10.508909423234325
Kelly: 0.6441845175114662
PCR: 0.30711922482050735
