Sharpe: 10.513279620475663
Kelly: 0.6427645331850618
PCR: 0.30748295996533825
P: 0.7933333333333334
B: 1.3725729796820678
E: 0.8822412305477736
