Sharpe: 10.554812479356535
Kelly: 0.6455731313285293
PCR: 0.3084623030231335
