Sharpe: 7.992507215328202
Kelly: 0.541473711099376
PCR: 0.23923430092381948
P: 0.7384105960264904
B: 1.3282905539524688
E: 0.7192344156668893
