Sharpe: 10.476024579045083
Kelly: 0.6419988015944474
PCR: 0.30645444084445933
