Sharpe: 10.526314426645246
Kelly: 0.6435012171318697
PCR: 0.3079532445409819
