Sharpe: 3.6086323349950113
Kelly: 0.26886882835013903
PCR: 0.18643460026213546
P: 0.656765676567657
B: 0.8848597894249199
E: 0.23791121483682898
