Sharpe: 5.399104097059959
Kelly: 0.37411481200417823
