Sharpe: 5.36904356924803
Kelly: 0.37238829791457706
