Sharpe: 5.208305415161917
Kelly: 0.36219669315450864
