Sharpe: 5.746496159520603
Kelly: 0.3909378755599025
