Sharpe: 5.07223264115989
Kelly: 0.35535036783287
PCR: 0.2660433787488719
