Sharpe: 4.945859665793449
Kelly: 0.3448101520174809
