Sharpe: 5.637807732858661
Kelly: 0.3834659673738409
