Sharpe: 5.8187732709042175
Kelly: 0.3941700986935719
