Sharpe: 4.919651445135447
Kelly: 0.347877970638672
