Sharpe: 5.021681808292043
Kelly: 0.3519747552427447
PCR: 0.2630698293173905
