Sharpe: 3.63326952268666
Kelly: 0.2710180950308814
PCR: 0.18792871366994715
P: 0.6589403973509936
B: 0.8791956549267054
E: 0.23827793155766386
