Sharpe: 5.224647327505244
Kelly: 0.36451403091507595
