Sharpe: 5.021681808292043
Kelly: 0.3519747552427447
PCR: 0.2630698293173905
P: 0.6843853820598009
B: 0.9494721061186144
E: 0.3341902121609126
