Sharpe: 5.133386574889969
Kelly: 0.35891510525443276
