Sharpe: 5.272048873499193
Kelly: 0.36356020091751196
