Sharpe: 5.2355522706211195
Kelly: 0.363408915230918
