Sharpe: 5.370231462028776
Kelly: 0.3676362126356226
