Sharpe: 5.854471126058825
Kelly: 0.39656264641008193
