Sharpe: 5.794998606462726
Kelly: 0.3921460062806357
