Sharpe: 5.266718390653238
Kelly: 0.3671907355350897
