Sharpe: 5.6472960347093935
Kelly: 0.38503971284566285
