Sharpe: 4.956638962710656
Kelly: 0.34786999782795036
PCR: 0.2601862186203707
