Sharpe: 5.348747327738054
Kelly: 0.37138915901623376
