Sharpe: 5.243010572149058
Kelly: 0.36287757493987155
