Sharpe: 5.441149727998761
Kelly: 0.37198364923880395
