Sharpe: 5.111292632644331
Kelly: 0.3583172882435077
PCR: 0.26826878306699803
