Sharpe: 5.503985166038045
Kelly: 0.37674258728431814
