Sharpe: 5.0505428532630425
Kelly: 0.3536321171313177
PCR: 0.2645181537235613
