Sharpe: 4.985604620185126
Kelly: 0.3475121287278022
