Sharpe: 5.390731250611514
Kelly: 0.36871942732038615
