Sharpe: 5.005344175876839
Kelly: 0.3505875114652487
PCR: 0.2626323059109087
