Sharpe: 4.913313994516187
Kelly: 0.34771986464103427
