Sharpe: 5.672972157599664
Kelly: 0.3871060253148663
