Sharpe: 5.124651778487954
Kelly: 0.3551217043547666
