Sharpe: 5.292306038973615
Kelly: 0.36649900240283595
