Sharpe: 5.415096036284342
Kelly: 0.3755156498275499
