Sharpe: 5.146490602617803
Kelly: 0.35946543646504514
