Sharpe: 5.432402124762925
Kelly: 0.3728058023428384
