Sharpe: 5.496357261829105
Kelly: 0.37616548075760703
