Sharpe: 5.1723982816465925
Kelly: 0.3582212833155084
