Sharpe: 4.962486201273897
Kelly: 0.34560627326802806
