Sharpe: 4.963678309313281
Kelly: 0.3480012740733195
PCR: 0.2600975557292432
P: 0.6821192052980135
B: 0.9514029777953223
E: 0.3310894484299223
