Sharpe: 5.214252692806625
Kelly: 0.3617137195439541
