Sharpe: 4.922106386632485
Kelly: 0.344522158465671
