Sharpe: 5.317345759876098
Kelly: 0.36959776158519003
