Sharpe: 5.0755474823975115
Kelly: 0.355710555674298
