Sharpe: 5.663038999435856
Kelly: 0.38508288211291897
