Sharpe: 4.9550875776422245
Kelly: 0.34889736579316905
