Sharpe: 5.387637869016596
Kelly: 0.36912128275810546
