Sharpe: 5.189706454289796
Kelly: 0.36193725522496556
