Sharpe: 5.3541763762131405
Kelly: 0.3691570464829325
