Sharpe: 3.6462604415342876
Kelly: 0.27135701681710594
PCR: 0.18820477993470414
P: 0.6578947368421055
B: 0.8850501398305157
E: 0.24016456567797123
