Sharpe: 5.041932083215084
Kelly: 0.3512886330900492
