Sharpe: 5.252638546812278
Kelly: 0.3625142501410438
