Sharpe: 5.100304284833813
Kelly: 0.35717664063623716
PCR: 0.2671510888854501
