Sharpe: 5.4374876957797005
Kelly: 0.3733919185773809
