Sharpe: 5.251109734396013
Kelly: 0.36438617488966224
