Sharpe: 4.884006832731556
Kelly: 0.3413190887328452
