Sharpe: 5.367328578629533
Kelly: 0.3688591162282921
