Sharpe: 5.275624088095612
Kelly: 0.3643035189543467
