Sharpe: 5.581261874875599
Kelly: 0.3808308319450548
