Sharpe: 5.460796860287453
Kelly: 0.37353139396480917
