Sharpe: 5.099070076598008
Kelly: 0.3545575116629323
