Sharpe: 5.233679632397978
Kelly: 0.36820999149567796
PCR: 0.275243113923398
