Sharpe: 5.1931315633576
Kelly: 0.3592655524633273
