Sharpe: 4.98439370406417
Kelly: 0.3514978453579361
