Sharpe: 5.720280249690794
Kelly: 0.38825980662835907
