Sharpe: 5.184608654719634
Kelly: 0.36550690181671514
