Sharpe: 5.191181739062593
Kelly: 0.36341031403524304
PCR: 0.272086573764839
