Sharpe: 5.2978021252788965
Kelly: 0.3686222511314667
