Sharpe: 5.64431065577904
Kelly: 0.3842880101093856
