Sharpe: 5.42763145568669
Kelly: 0.3726634314351369
