Sharpe: 5.19425108779701
Kelly: 0.3651937218272408
PCR: 0.2729675995483447
