Sharpe: 4.951631444451872
Kelly: 0.3452605550813969
