Sharpe: 5.398725426830215
Kelly: 0.37072776101881727
