Sharpe: 5.160041825615192
Kelly: 0.356623847743703
