Sharpe: 5.299881582817945
Kelly: 0.36596469861434405
