Sharpe: 5.1288049249064445
Kelly: 0.3576864765112848
