Sharpe: 4.870621611245628
Kelly: 0.3449602452993019
