Sharpe: 5.141656310583518
Kelly: 0.3606875100066146
PCR: 0.2696142896859324
