Sharpe: 5.42436578189549
Kelly: 0.37556121094008493
