Sharpe: 5.336023464774539
Kelly: 0.37062179851809135
