Sharpe: 5.1668435309840115
Kelly: 0.36287191178687933
PCR: 0.27124343311628235
