Sharpe: 5.264937751653178
Kelly: 0.3667655317319386
