Sharpe: 4.990985581408701
Kelly: 0.34836318721328635
