Sharpe: 5.6734642152333725
Kelly: 0.38656529335012424
