Sharpe: 4.932403098831513
Kelly: 0.34945661544260104
