Sharpe: 4.877804718977149
Kelly: 0.3399967493206971
