Sharpe: 5.150184871736451
Kelly: 0.359009977430881
