Sharpe: 5.7983717445864045
Kelly: 0.38901345988560315
