Sharpe: 5.189997834502431
Kelly: 0.36104876816163123
