Sharpe: 5.06692464107768
Kelly: 0.3542704815043593
