Sharpe: 5.2788834354537
Kelly: 0.36475517523400264
