Sharpe: 4.9308877198144705
Kelly: 0.34344703130803145
