Sharpe: 5.017749484402736
Kelly: 0.34893543823638884
