Sharpe: 5.325620719790494
Kelly: 0.36738315604287863
