Sharpe: 5.470801522636892
Kelly: 0.37545711310386354
