Sharpe: 5.381437199692652
Kelly: 0.3703908671438202
