Sharpe: 5.182076052572078
Kelly: 0.3616942795245951
