Sharpe: 5.334523313551926
Kelly: 0.3674972061341156
