Sharpe: 5.418138876362845
Kelly: 0.3750461369141212
