Sharpe: 5.168930596269307
Kelly: 0.35909889134722306
