Sharpe: 5.288078110320567
Kelly: 0.3691131280713683
