Sharpe: 7.12859878175053
Kelly: 0.5571304403875841
