Sharpe: 5.623013775731717
Kelly: 0.3897743321487
PCR: 0.26388651531283863
