Sharpe: 5.710921046056485
Kelly: 0.3891917595159289
