Sharpe: 5.635313050147129
Kelly: 0.3877218646929639
