Sharpe: 5.920268894917712
Kelly: 0.40698034418080004
