Sharpe: 6.098809555698068
Kelly: 0.4147449152518271
