Sharpe: 5.671207001912529
Kelly: 0.39274076135671027
PCR: 0.26770173798639807
