Sharpe: 5.929853660141069
Kelly: 0.4062763543249422
