Sharpe: 5.667781301926746
Kelly: 0.393317681661068
PCR: 0.26622910597916327
