Sharpe: 5.367283775404889
Kelly: 0.3715197129337721
