Sharpe: 5.774623050396122
Kelly: 0.3933381638229738
