Sharpe: 5.60439526590628
Kelly: 0.38314632348585037
