Sharpe: 5.599228758739589
Kelly: 0.3819064737047182
