Sharpe: 5.401744162418306
Kelly: 0.37335574118385556
