Sharpe: 5.627141642064356
Kelly: 0.39075372788060025
PCR: 0.263669716408869
