Sharpe: 5.446309412757251
Kelly: 0.37558059764785995
