Sharpe: 5.595769067354082
Kelly: 0.38697913979914805
