Sharpe: 5.427715022512866
Kelly: 0.3753310088995125
