Sharpe: 5.698150294473568
Kelly: 0.3896863364431551
