Sharpe: 5.71272888209418
Kelly: 0.39455831938872454
PCR: 0.2670024546241648
