Sharpe: 5.528565345162006
Kelly: 0.38080002461651324
