Sharpe: 5.437459092749173
Kelly: 0.37525643995750996
