Sharpe: 5.57118036485252
Kelly: 0.38425866449197404
