Sharpe: 4.291637116076876
Kelly: 0.316330976281115
PCR: 0.1970254923192312
P: 0.6754966887417219
B: 0.9034918980298529
E: 0.28580247416586096
