Sharpe: 5.518878170756144
Kelly: 0.3804757699286407
