Sharpe: 5.88785325358756
Kelly: 0.4022440316723697
