Sharpe: 5.665845575111893
Kelly: 0.39238907920235977
PCR: 0.2665911519474176
