Sharpe: 5.509741347099501
Kelly: 0.378920092319416
