Sharpe: 5.6477303091219
Kelly: 0.38351157991278284
