Sharpe: 5.809226007314323
Kelly: 0.3982403005505048
