Sharpe: 5.959966171388651
Kelly: 0.40343872713077084
