Sharpe: 5.613216076103903
Kelly: 0.38634972688288244
