Sharpe: 6.270679174370182
Kelly: 0.4240681103891295
