Sharpe: 5.66563252912892
Kelly: 0.38641995948003655
