Sharpe: 5.663441763273497
Kelly: 0.3852433797159144
