Sharpe: 5.747970100510157
Kelly: 0.39401014228390424
