Sharpe: 5.525507957558281
Kelly: 0.378596999877155
