Sharpe: 5.9189411558286364
Kelly: 0.40566758240235884
