Sharpe: 5.570130277909387
Kelly: 0.3870072379299934
PCR: 0.2614296740664848
