Sharpe: 5.753086639806251
Kelly: 0.39161819541434245
