Sharpe: 5.755591933817845
Kelly: 0.3904102475123973
