Sharpe: 5.766861760716514
Kelly: 0.39751809679999883
