Sharpe: 5.8811814204751
Kelly: 0.40252337390740134
