Sharpe: 5.71272888209418
Kelly: 0.39455831938872454
PCR: 0.2670024546241648
P: 0.7009966777408639
B: 0.9757372538706143
E: 0.38498525105215886
