Sharpe: 6.180716891400245
Kelly: 0.4188078863676578
