Sharpe: 5.404201861768854
Kelly: 0.3734521646583128
