Sharpe: 5.597550212299781
Kelly: 0.3893196754537497
PCR: 0.2629863007581612
