Sharpe: 5.906897294518407
Kelly: 0.4045368134114533
