Sharpe: 5.867102789189427
Kelly: 0.39844164156585693
