Sharpe: 5.846622163686501
Kelly: 0.4020463637373087
