Sharpe: 5.791504436199226
Kelly: 0.39562770018074384
