Sharpe: 5.512755990820563
Kelly: 0.379044102377325
