Sharpe: 5.640143683932405
Kelly: 0.38880145709344427
