Sharpe: 5.4475838032394295
Kelly: 0.37671523502545473
