Sharpe: 5.8125332228705355
Kelly: 0.3999435565689168
