Sharpe: 5.617283621406617
Kelly: 0.38657490326532434
