Sharpe: 5.7962992999930805
Kelly: 0.3983676257120825
