Sharpe: 5.646860197494464
Kelly: 0.3869577212849965
