Sharpe: 5.678146833592776
Kelly: 0.39382086489608814
PCR: 0.26756434367823223
