Sharpe: 6.173670152429755
Kelly: 0.41835263016699414
