Sharpe: 5.617701058213289
Kelly: 0.38994786136845966
PCR: 0.2652164091307078
