Sharpe: 5.701310717855122
Kelly: 0.3932056975114601
PCR: 0.26605876904408815
P: 0.6986754966887418
B: 0.9864297685820711
E: 0.3878698052013814
