Sharpe: 5.754866704859451
Kelly: 0.39435554722952515
