Sharpe: 5.346987018910613
Kelly: 0.3696772986835276
