Sharpe: 5.6705891876828955
Kelly: 0.39229135124376735
PCR: 0.26524854841499773
