Sharpe: 4.381451406593446
Kelly: 0.32173832757871096
PCR: 0.20098595436703873
P: 0.6776315789473684
B: 0.90580088218279
E: 0.29143086095281184
