Sharpe: 5.762848150701718
Kelly: 0.39641266460373237
