Sharpe: 5.774071467998433
Kelly: 0.39825305774492165
