Sharpe: 5.35893578952728
Kelly: 0.3701041381634513
