Sharpe: 5.69885767516016
Kelly: 0.39137393210479465
