Sharpe: 5.678170762511393
Kelly: 0.38974412018031246
