Sharpe: 5.686380818908588
Kelly: 0.3947541121925525
PCR: 0.2666647961505362
