Sharpe: 5.759059749418559
Kelly: 0.3928220487665884
