Sharpe: 5.901269539777753
Kelly: 0.40046696736911924
