Sharpe: 5.475211171887727
Kelly: 0.3772416555512079
