Sharpe: 5.680666250885879
Kelly: 0.38717138809108986
