Sharpe: 5.409278091510558
Kelly: 0.37299971043071034
