Sharpe: 5.965917546948005
Kelly: 0.4045791332420139
