Sharpe: 5.43126663326276
Kelly: 0.37472458596748714
