Sharpe: 5.690704825134111
Kelly: 0.38706805836429936
