Sharpe: 5.711349082868399
Kelly: 0.3929942001035228
