Sharpe: 5.817603590589322
Kelly: 0.39916749420217124
