Sharpe: 5.721492608853368
Kelly: 0.39509263096898906
