Sharpe: 5.581703733237397
Kelly: 0.38265295092003104
