Sharpe: 6.014478557411443
Kelly: 0.41053542040068147
