Sharpe: 5.618452346321771
Kelly: 0.3895763369673988
PCR: 0.26283661472303677
