Sharpe: 5.685908772575202
Kelly: 0.3912766587317489
