Sharpe: 5.526453094295304
Kelly: 0.380711932075689
