Sharpe: 5.734830916223464
Kelly: 0.3924485569063144
