Sharpe: 5.498623528154273
Kelly: 0.379075610477916
