Sharpe: 6.139464132195375
Kelly: 0.41806762935975295
