Sharpe: 5.478476602207545
Kelly: 0.37826647654806883
