Sharpe: 5.451572768991023
Kelly: 0.37638698139162996
