Sharpe: 5.5388191181398225
Kelly: 0.3839914752123673
