Sharpe: 5.590399091784979
Kelly: 0.3845317373241244
