Sharpe: 5.850077033001182
Kelly: 0.40112881956761887
