Sharpe: 5.818601424190245
Kelly: 0.39587550155112594
