Sharpe: 6.058541150664494
Kelly: 0.4140368262646479
