Sharpe: 6.034864971151265
Kelly: 0.41205958866955084
