Sharpe: 6.094147768173086
Kelly: 0.41440698849234286
