Sharpe: 5.665708704167197
Kelly: 0.39219716460655335
