Sharpe: 6.007739908621302
Kelly: 0.40931143396183395
