Sharpe: 4.3415433650735284
Kelly: 0.3192798663783515
PCR: 0.1993105088049195
P: 0.6765676567656765
B: 0.9052432015202643
E: 0.2890259284213011
