Sharpe: 6.230676556962752
Kelly: 0.4216076272316264
