Sharpe: 7.494019772719619
Kelly: 0.5088958584671586
