Sharpe: 7.893349585627456
Kelly: 0.5282736208179211
