Sharpe: 7.759874937243743
Kelly: 0.5161316889703648
