Sharpe: 7.551725953456294
Kelly: 0.5133371395678419
PCR: 0.2831722558811747
