Sharpe: 7.555110492576396
Kelly: 0.5108577632180937
PCR: 0.2810223726716977
P: 0.7450331125827815
B: 1.0887861942298298
E: 0.5562148798069918
