Sharpe: 7.677073886973782
Kelly: 0.5188852892407728
