Sharpe: 7.579980176188296
Kelly: 0.5130650066573476
PCR: 0.2822315518904648
