Sharpe: 7.534705242980769
Kelly: 0.51289205496968
PCR: 0.28378525248300573
