Sharpe: 7.671353483094282
Kelly: 0.5169318091754478
