Sharpe: 7.792993408035401
Kelly: 0.5182581610204423
