Sharpe: 7.773691368619992
Kelly: 0.5174888314449873
