Sharpe: 7.639263540302387
Kelly: 0.5158443717330792
