Sharpe: 7.692264704139279
Kelly: 0.5182605298962482
