Sharpe: 7.683345782240712
Kelly: 0.5172702739374728
