Sharpe: 7.7404512680131425
Kelly: 0.5188522181634861
