Sharpe: 7.709406040223047
Kelly: 0.5187957728686894
