Sharpe: 7.5436556219214275
Kelly: 0.5113977037159612
PCR: 0.2817801205243798
