Sharpe: 7.917146422720983
Kelly: 0.5239703785455002
