Sharpe: 7.656864030982052
Kelly: 0.5157371317509286
