Sharpe: 4.847347524567796
Kelly: 0.4057319370870787
PCR: 0.21950381689579196
P: 0.6907894736842106
B: 1.0847302267709997
E: 0.44010969612470396
