Sharpe: 7.831401007547298
Kelly: 0.5198869850372769
