Sharpe: 7.896023243244411
Kelly: 0.522358497951463
