Sharpe: 7.713814972968295
Kelly: 0.5193649210848237
