Sharpe: 7.78775719228816
Kelly: 0.5209509861862445
