Sharpe: 4.982530084189706
Kelly: 0.41437857851974347
PCR: 0.223636627252215
P: 0.6920529801324504
B: 1.10902199871152
E: 0.45955495937320434
