Sharpe: 7.567822836522132
Kelly: 0.5145432123055165
PCR: 0.28328641581961067
