Sharpe: 7.886044896651421
Kelly: 0.5221360726540955
