Sharpe: 7.852959615842074
Kelly: 0.5204579571397833
