Sharpe: 7.838926315400362
Kelly: 0.5267239377380074
