Sharpe: 7.616843630742734
Kelly: 0.5158857126207592
PCR: 0.28379057888444176
