Sharpe: 7.797635776593854
Kelly: 0.5200484644830397
