Sharpe: 7.954637228843293
Kelly: 0.5247525579714135
