Sharpe: 7.5433315343220775
Kelly: 0.5110417965808914
