Sharpe: 7.827950953442819
Kelly: 0.5271755700110266
