Sharpe: 7.946681909020492
Kelly: 0.5249002225779336
