Sharpe: 7.893410267628694
Kelly: 0.5298689544917712
