Sharpe: 7.872167780506928
Kelly: 0.5198634149054201
