Sharpe: 7.911537328701496
Kelly: 0.5275230534132597
