Sharpe: 7.474284167628146
Kelly: 0.5078832254412017
PCR: 0.2796039034535788
