Sharpe: 7.7829250963720495
Kelly: 0.516666041133345
