Sharpe: 7.744064186633949
Kelly: 0.5198123544415633
