Sharpe: 7.777354206391565
Kelly: 0.5249372626676665
