Sharpe: 7.882731886491492
Kelly: 0.5222864704603651
