Sharpe: 7.9899468516700605
Kelly: 0.5271846063503796
