Sharpe: 7.57586473874773
Kelly: 0.5155486836188418
PCR: 0.2844013622187181
