Sharpe: 7.830416923448508
Kelly: 0.5200721757155315
