Sharpe: 7.488520467057317
Kelly: 0.5090501398420662
PCR: 0.2796608950928838
