Sharpe: 7.579980176188296
Kelly: 0.5130650066573476
PCR: 0.2822315518904648
P: 0.7475083056478405
B: 1.0769840530285275
E: 0.5525628303369386
