Sharpe: 7.761429204163869
Kelly: 0.5210454720324875
