Sharpe: 7.851640706325522
Kelly: 0.5212606690788988
