Sharpe: 7.833720344319735
Kelly: 0.5229988826852265
