Sharpe: 7.738566001015619
Kelly: 0.5206223173690766
