Sharpe: 7.8588329674718125
Kelly: 0.5225759808682657
