Sharpe: 7.827298086141438
Kelly: 0.5189419967538289
