Sharpe: 7.913478438447798
Kelly: 0.521705860313506
