Sharpe: 7.566722425574919
Kelly: 0.5144885153699096
PCR: 0.28455407256893367
