Sharpe: 7.560211532454247
Kelly: 0.5134880664225562
PCR: 0.28154122647347263
