Sharpe: 7.912967154807433
Kelly: 0.5308179471927927
