Sharpe: 7.571785638167385
Kelly: 0.5128757009849824
PCR: 0.28240396905041865
