Sharpe: 4.801578170736828
Kelly: 0.4030809302978472
PCR: 0.21754523052090213
P: 0.6897689768976899
B: 1.0821205375727738
E: 0.4361821529792401
