Sharpe: 7.856032376646244
Kelly: 0.5203323244510976
