Sharpe: 7.9350075084170735
Kelly: 0.5242235963779385
