Sharpe: 7.8108735975445835
Kelly: 0.5250832533717019
