Sharpe: 7.839825169740522
Kelly: 0.5245607835501911
