Sharpe: 7.841140311249924
Kelly: 0.5260121604359141
