Sharpe: 7.516227984111886
Kelly: 0.5109813021612503
PCR: 0.28131958375268734
