Sharpe: 7.91182598330356
Kelly: 0.5297329447464267
