Sharpe: 5.007490193299886
Kelly: 0.42373994230700357
