Sharpe: 4.98685813026876
Kelly: 0.44352957530764214
