Sharpe: 5.3349696809547895
Kelly: 0.44452278455669153
