Sharpe: 5.47280539224814
Kelly: 0.45052747719431435
