Sharpe: 5.566530478051069
Kelly: 0.46196763361380716
