Sharpe: 5.120231710912395
Kelly: 0.43391898280508195
