Sharpe: 5.095541612239742
Kelly: 0.43416514863796973
