Sharpe: 4.461130579179712
Kelly: 0.39067764588441695
