Sharpe: 5.76185955864867
Kelly: 0.4682919744448253
