Sharpe: 5.194217028637857
Kelly: 0.43835883423663763
