Sharpe: 5.13939868466453
Kelly: 0.45486387257213945
