Sharpe: 5.329652842160787
Kelly: 0.458723180109057
