Sharpe: 5.3573575151712625
Kelly: 0.45949871820063776
