Sharpe: 5.392917534227232
Kelly: 0.4460717872166303
