Sharpe: 4.766373854917655
Kelly: 0.40778841505948954
