Sharpe: 5.360129587555324
Kelly: 0.4506651882389523
