Sharpe: 5.341341976376481
Kelly: 0.4484732766146378
