Sharpe: 5.572347458500099
Kelly: 0.45700147582437983
