Sharpe: 4.839625532419952
Kelly: 0.41647324546715636
