Sharpe: 5.3263894440412205
Kelly: 0.4572153883321849
