Sharpe: 4.812401807590326
Kelly: 0.41648165946047494
