Sharpe: 5.6047597854176425
Kelly: 0.4582255808735374
