Sharpe: 5.093413365030527
Kelly: 0.43242423392974033
