Sharpe: 5.525152365485726
Kelly: 0.47044979107580404
