Sharpe: 5.351119621327041
Kelly: 0.44646715390228464
