Sharpe: 5.628211041096785
Kelly: 0.4736138701689098
