Sharpe: 5.745201106529789
Kelly: 0.46634672412306627
