Sharpe: 5.146833642625047
Kelly: 0.45455246512950037
PCR: 0.4267461953532464
