Sharpe: 5.177186185204061
Kelly: 0.458632783055729
PCR: 0.4291311956230482
