Sharpe: 4.588941018548879
Kelly: 0.398457533836852
