Sharpe: 4.8880453922065135
Kelly: 0.4152940637499605
