Sharpe: 5.493477409749318
Kelly: 0.4667273870340297
