Sharpe: 5.401505045525693
Kelly: 0.4627658621138311
