Sharpe: 4.350108277185381
Kelly: 0.4061506811810558
PCR: 0.35747229841345113
P: 0.7462686567164178
B: 0.7460098011115022
E: 0.30299238888918056
