Sharpe: 5.447170381093001
Kelly: 0.4516926821754223
