Sharpe: 4.977708115558907
Kelly: 0.4244979748806441
