Sharpe: 5.170940233996755
Kelly: 0.4577997621295045
PCR: 0.42910130544219155
