Sharpe: 5.002938382098386
Kelly: 0.4453829282448903
