Sharpe: 5.195732791170577
Kelly: 0.45823563114364146
PCR: 0.43217686901815944
