Sharpe: 5.529356023047695
Kelly: 0.45774456343309256
