Sharpe: 4.905691626429621
Kelly: 0.4220967767006181
