Sharpe: 4.780696666497207
Kelly: 0.41352769838441483
