Sharpe: 4.759083894483106
Kelly: 0.41095232917928654
