Sharpe: 4.382754475123381
Kelly: 0.4093516568077341
PCR: 0.3595386975041381
P: 0.7499999999999999
B: 0.7338946599804749
E: 0.30042099498535607
