Sharpe: 5.673206097003597
Kelly: 0.4782171183181199
