Sharpe: 5.253981430775805
Kelly: 0.43653089471121376
