Sharpe: 4.915558709983448
Kelly: 0.43933844722204574
