Sharpe: 5.326905151726951
Kelly: 0.4558176971578058
