Sharpe: 5.28422933055895
Kelly: 0.45535078223773123
