Sharpe: 5.254207559310222
Kelly: 0.4629203308830732
PCR: 0.43385521816161593
P: 0.763819095477387
B: 0.7849181595711889
E: 0.36335457414482764
