Sharpe: 5.319014200039325
Kelly: 0.4418316638230619
