Sharpe: 5.042398374907489
Kelly: 0.4481242629401311
