Sharpe: 5.109707652247827
Kelly: 0.45197874766808976
PCR: 0.42432175788908294
