Sharpe: 5.482446545170552
Kelly: 0.45733611254179146
