Sharpe: 5.708542764874457
Kelly: 0.4778229177505683
