Sharpe: 5.284904976158083
Kelly: 0.4448682259478274
