Sharpe: 4.984999979451111
Kelly: 0.4210790501348428
