Sharpe: 5.037897528519661
Kelly: 0.4478582056724402
PCR: 0.4198635031754466
