Sharpe: 5.417347354609173
Kelly: 0.4646624152471415
