Sharpe: 5.160155935042023
Kelly: 0.4562251964192395
PCR: 0.4279823195034537
