Sharpe: 4.815794166596022
Kelly: 0.41386824156184376
