Sharpe: 5.5494932903022764
Kelly: 0.4547938134392494
