Sharpe: 5.254207559310222
Kelly: 0.4629203308830732
PCR: 0.43385521816161593
