Sharpe: 4.583444143260498
Kelly: 0.4000151097852167
