Sharpe: 5.052047905977675
Kelly: 0.4471002283569889
PCR: 0.4217231496587534
