Sharpe: 5.069939231269242
Kelly: 0.4299079803658557
