Sharpe: 5.215715398544588
Kelly: 0.44070094210618743
