Sharpe: 5.299145837786408
Kelly: 0.439651155351049
