Sharpe: 4.898158955297314
Kelly: 0.4393181714480961
