Sharpe: 5.266271487626359
Kelly: 0.4645100181705248
PCR: 0.4350187585441554
P: 0.7650000000000001
B: 0.7820560225310941
E: 0.3632728572362869
