Sharpe: 3.3870728380877178
Kelly: 0.2592210326006657
