Sharpe: 3.3607517966040636
Kelly: 0.2563886548300122
