Sharpe: 3.401757460673553
Kelly: 0.25846243814340225
