Sharpe: 3.551742980497003
Kelly: 0.26865882391095497
