Sharpe: 3.311729450534641
Kelly: 0.2528030364950643
