Sharpe: 3.4160163437320707
Kelly: 0.26301648613784145
