Sharpe: 3.3292354799195722
Kelly: 0.2539343122411358
