Sharpe: 4.013409188184582
Kelly: 0.29320975028447716
