Sharpe: 3.2918874078985185
Kelly: 0.2512592780888723
