Sharpe: 3.4846360001097905
Kelly: 0.2580545711836991
