Sharpe: 3.2787638074809604
Kelly: 0.2510175414657332
PCR: 0.181225745906807
