Sharpe: 3.401757460673553
Kelly: 0.25846243814340225
PCR: 0.1873419744339938
