Sharpe: 3.4355575213621563
Kelly: 0.2622286933205282
