Sharpe: 3.905601890544881
Kelly: 0.2868798987784429
