Sharpe: 4.536616497588552
Kelly: 0.314967857457259
