Sharpe: 4.538980707754477
Kelly: 0.31691131357008234
