Sharpe: 3.873797043064347
Kelly: 0.2870219307916604
