Sharpe: 4.117612157753067
Kelly: 0.29495351082985
