Sharpe: 4.219565989877804
Kelly: 0.30042536611287063
