Sharpe: 3.2732638727540584
Kelly: 0.2500288800890723
PCR: 0.18122941102546838
