Sharpe: 3.1679068787958946
Kelly: 0.24289245611466986
