Sharpe: 3.808393873552879
Kelly: 0.2829773602147513
