Sharpe: 3.42714779716729
Kelly: 0.26129771064273377
