Sharpe: 3.414719334235329
Kelly: 0.26071766703526483
