Sharpe: 3.4328364750359603
Kelly: 0.26227368241506116
