Sharpe: 1.9762564444374664
Kelly: 0.20147844851892494
PCR: 0.14842403834872742
P: 0.6225165562913908
B: 0.896554104581445
E: 0.1806363300043435
