Sharpe: 3.3543012730306887
Kelly: 0.2559085332825749
