Sharpe: 3.744082668830743
Kelly: 0.2789647569447812
