Sharpe: 3.461933570416264
Kelly: 0.25935012861211837
