Sharpe: 3.4078128787951276
Kelly: 0.25963367088243616
