Sharpe: 3.435659819463595
Kelly: 0.2612029837841786
