Sharpe: 3.3073160268587345
Kelly: 0.2551374499618181
