Sharpe: 3.2890895015655803
Kelly: 0.2508602283430167
