Sharpe: 3.7249271223159903
Kelly: 0.2751246000366898
