Sharpe: 3.4415166031790014
Kelly: 0.26221836358452005
