Sharpe: 3.354222975160748
Kelly: 0.2561575748323363
