Sharpe: 3.4938557321177512
Kelly: 0.26495075412800495
