Sharpe: 4.082692112089707
Kelly: 0.29777770997863007
