Sharpe: 3.1076327968201727
Kelly: 0.23889026389194334
