Sharpe: 3.3725572605533936
Kelly: 0.25754553850075196
