Sharpe: 3.3704053304164203
Kelly: 0.25443400131483773
