Sharpe: 3.71566891861944
Kelly: 0.2741570926993458
