Sharpe: 3.561287638392985
Kelly: 0.26628174957720663
