Sharpe: 3.607497065997773
Kelly: 0.2722266846550019
