Sharpe: 4.506605648306323
Kelly: 0.3133206333930908
