Sharpe: 4.537259878610142
Kelly: 0.318064070366164
