Sharpe: 3.2464874833075608
Kelly: 0.24916921517222648
PCR: 0.18018521705271076
