Sharpe: 3.4211555642584393
Kelly: 0.26087690024517035
