Sharpe: 3.333913244188082
Kelly: 0.2547194379464879
