Sharpe: 4.317144993344441
Kelly: 0.30667677296447543
