Sharpe: 3.1677013714623787
Kelly: 0.24387997422938743
PCR: 0.17627833976923377
