Sharpe: 4.577129354111772
Kelly: 0.3173362275405114
