Sharpe: 4.590224563755424
Kelly: 0.3189677008170325
