Sharpe: 3.828691848706721
Kelly: 0.2821484330815448
