Sharpe: 4.288855655844827
Kelly: 0.30416106510698354
