Sharpe: 3.6806575052652537
Kelly: 0.2727036127590065
