Sharpe: 3.7694467561761758
Kelly: 0.2788662620087077
