Sharpe: 3.352781317194117
Kelly: 0.258219938007482
