Sharpe: 4.474228979408798
Kelly: 0.314056247232013
