Sharpe: 3.3891328976638766
Kelly: 0.2578233747951039
