Sharpe: 4.0734548248869435
Kelly: 0.2969845661531657
