Sharpe: 3.6441345019435625
Kelly: 0.2682857842191499
