Sharpe: 3.408135793147587
Kelly: 0.26184003633956526
