Sharpe: 3.857033605870862
Kelly: 0.28291244602155535
