Sharpe: 4.533541795943178
Kelly: 0.31602464067805447
