Sharpe: 3.7258563888280225
Kelly: 0.27336213023363887
