Sharpe: 3.2510256973950473
Kelly: 0.2500854843934422
PCR: 0.1801393415470411
