Sharpe: 4.523434408491922
Kelly: 0.3164055097385105
