Sharpe: 3.3188346787028586
Kelly: 0.25100201595403737
