Sharpe: 3.2503698472374727
Kelly: 0.2513866527655486
