Sharpe: 3.627158807868054
Kelly: 0.2739680942996771
