Sharpe: 4.231673265849351
Kelly: 0.3072562736490144
