Sharpe: 3.2968360597805435
Kelly: 0.2526344055678777
PCR: 0.1831109129632837
