Sharpe: 3.221994138398524
Kelly: 0.247595933398088
PCR: 0.17835886562861558
P: 0.6490066225165568
B: 0.8743996784297262
E: 0.21649780454379605
