Sharpe: 4.487002730909154
Kelly: 0.31306975707405676
