Sharpe: 3.256048159926632
Kelly: 0.24895478425698306
PCR: 0.17972998384423836
