Sharpe: 3.4885431185531823
Kelly: 0.26565997933577723
