Sharpe: 4.087308517794049
Kelly: 0.2982613293834136
