Sharpe: 3.2172611807810374
Kelly: 0.24894147590415452
