Sharpe: 1.9360783239999695
Kelly: 0.19724793831010304
PCR: 0.14547976822791128
P: 0.6217105263157895
B: 0.8912198256661019
E: 0.17579127319372806
