Sharpe: 3.2457664116484644
Kelly: 0.24928393628783108
PCR: 0.18032672539192982
