Sharpe: 4.247424264192196
Kelly: 0.30260600976877633
