Sharpe: 3.2510256973950473
Kelly: 0.2500854843934422
PCR: 0.1801393415470411
P: 0.6511627906976749
B: 0.8697505538688324
E: 0.21751198856575155
