Sharpe: 4.014740405013862
Kelly: 0.29384903587283956
