Sharpe: 3.9400781331035866
Kelly: 0.2887364269431317
