Sharpe: 3.38253551708711
Kelly: 0.25839678385913106
