Sharpe: 3.78645653726945
Kelly: 0.28083665296195465
