Sharpe: 1.9009039307948714
Kelly: 0.19408754527452596
PCR: 0.14298044607342994
P: 0.6204620462046205
B: 0.8901516224995963
E: 0.17276734333308316
