Sharpe: 3.307315486108594
Kelly: 0.25231140364428806
PCR: 0.1825100322171064
