Sharpe: 3.316199166119034
Kelly: 0.25427407274425334
PCR: 0.18388913049771305
