Sharpe: 4.146001814301895
Kelly: 0.30135757247160894
