Sharpe: 3.575840084403659
Kelly: 0.2638932684857301
