Sharpe: 3.1961715601794687
Kelly: 0.246002641790317
PCR: 0.1776209002569349
