Sharpe: 4.173842219893352
Kelly: 0.30364825531621964
