Sharpe: 3.3681669273701047
Kelly: 0.2574249744751082
