Sharpe: 3.3533981230701624
Kelly: 0.25252264590177737
