Sharpe: 3.525748918239092
Kelly: 0.26341019111781544
