Sharpe: 3.5409321796151048
Kelly: 0.26903304287749247
