Sharpe: 3.7432087038518653
Kelly: 0.27654436362763846
