Sharpe: 3.4901852496715384
Kelly: 0.26544871999227787
