Sharpe: 3.7908767220201356
Kelly: 0.2793278528699544
