Sharpe: 3.2287435608908948
Kelly: 0.24690285563811476
