Sharpe: 4.559331501987988
Kelly: 0.3181110661174341
