Sharpe: 3.1371132465360163
Kelly: 0.24163931169191333
PCR: 0.1747917693886261
