Sharpe: 3.705765018009918
Kelly: 0.27503186394097134
