Sharpe: 4.593573323424291
Kelly: 0.33418418468407485
