Sharpe: 4.043342741882726
Kelly: 0.3002111736305471
