Sharpe: 4.0771394267813
Kelly: 0.3026502049476237
