Sharpe: 3.9261470542026653
Kelly: 0.29432613385897394
PCR: 0.20356128016711264
