Sharpe: 4.623083284698639
Kelly: 0.3373146194579806
