Sharpe: 2.7534855304183985
Kelly: 0.22523348541215507
PCR: 0.14822667434792405
P: 0.6390728476821197
B: 0.8721431193450218
E: 0.19643583454830837
