Sharpe: 4.010151137898309
Kelly: 0.3004383919197471
