Sharpe: 2.6843156809746715
Kelly: 0.22009876897427164
PCR: 0.14443529101831296
P: 0.6369636963696375
B: 0.8708727450367879
E: 0.19167801911584176
