Sharpe: 4.006172140355346
Kelly: 0.30435103690490595
