Sharpe: 4.199870460583496
Kelly: 0.3134548426190107
