Sharpe: 4.05214623739377
Kelly: 0.30642096560607307
