Sharpe: 4.341098357829982
Kelly: 0.3225912692603925
