Sharpe: 4.010171696528603
Kelly: 0.2982219724527847
