Sharpe: 4.599282046641896
Kelly: 0.33659989140807633
