Sharpe: 3.8780917551419436
Kelly: 0.29083871928504496
PCR: 0.20253648716486397
