Sharpe: 4.130680445321821
Kelly: 0.3088483689252084
