Sharpe: 3.87541556365175
Kelly: 0.29151803061691084
PCR: 0.20206067075762268
