Sharpe: 4.374499168537518
Kelly: 0.3226925269048396
