Sharpe: 4.5508322482687245
Kelly: 0.3328887535331479
