Sharpe: 4.221274490378998
Kelly: 0.3167952534638595
