Sharpe: 4.367019337839709
Kelly: 0.32423473293574506
