Sharpe: 3.9606265610184157
Kelly: 0.29764889358699215
