Sharpe: 3.9722948427542932
Kelly: 0.29900205476539005
