Sharpe: 4.029908027741402
Kelly: 0.30009973929558537
