Sharpe: 4.380351127880441
Kelly: 0.3260267838826361
