Sharpe: 4.6750017093341905
Kelly: 0.34095363190667766
