Sharpe: 4.013978108737663
Kelly: 0.3012652822265468
