Sharpe: 3.9918740392666403
Kelly: 0.2991187941359753
PCR: 0.20754792705631311
