Sharpe: 4.4845346164744475
Kelly: 0.3309399573771045
