Sharpe: 4.386155011453551
Kelly: 0.3242933840956684
