Sharpe: 4.125293307428366
Kelly: 0.3080773776464427
PCR: 0.21411462351894114
