Sharpe: 4.493084342582324
Kelly: 0.3298122034859508
