Sharpe: 4.097681167627592
Kelly: 0.304205052726263
