Sharpe: 4.492535178670848
Kelly: 0.3311358769826421
