Sharpe: 4.472802698668597
Kelly: 0.32545590942691954
