Sharpe: 4.1068005910113445
Kelly: 0.3040443123849769
