Sharpe: 4.145740529280682
Kelly: 0.30664504368296336
