Sharpe: 4.6256724547988535
Kelly: 0.337783380262909
