Sharpe: 4.484238819515841
Kelly: 0.32689460014655214
