Sharpe: 3.917323069424706
Kelly: 0.29321512795453586
PCR: 0.20279496187448073
P: 0.6589403973509932
B: 0.932556843041894
E: 0.273439774057407
