Sharpe: 4.409616195076652
Kelly: 0.32674293788756564
