Sharpe: 4.170402975768849
Kelly: 0.30831444747559655
