Sharpe: 3.9417047821700657
Kelly: 0.2959074832911717
PCR: 0.20465117158039636
