Sharpe: 4.031302817217737
Kelly: 0.30243265311539197
