Sharpe: 4.446447036416951
Kelly: 0.3278332213174555
