Sharpe: 3.9261470542026653
Kelly: 0.29432613385897394
PCR: 0.20356128016711264
P: 0.6611295681063121
B: 0.9238474895662641
E: 0.27191245987935725
