Sharpe: 4.062903780166723
Kelly: 0.30784909331227167
