Sharpe: 4.176347806165829
Kelly: 0.30974470404591925
