Sharpe: 4.404299518121559
Kelly: 0.3257271536208714
