Sharpe: 4.448856464727497
Kelly: 0.3290520280249818
