Sharpe: 4.143123289958512
Kelly: 0.3075114232225058
