Sharpe: 4.088556146787625
Kelly: 0.30405797898190223
