Sharpe: 4.164827980303778
Kelly: 0.30824804003350487
