Sharpe: 4.100419971231475
Kelly: 0.3087168506551317
