Sharpe: 4.076364140402531
Kelly: 0.3055380534902201
