Sharpe: 4.086837983454313
Kelly: 0.3056852534376214
