Sharpe: 4.6884155654116215
Kelly: 0.34151852294221596
