Sharpe: 4.504244523781462
Kelly: 0.33057172707143473
