Sharpe: 4.637235003877562
Kelly: 0.3390890106965384
