Sharpe: 4.011766055072327
Kelly: 0.29919026792355613
PCR: 0.2083546929458643
