Sharpe: 4.428510785444946
Kelly: 0.3225915430293363
