Sharpe: 3.9397463057545985
Kelly: 0.2959192023665133
PCR: 0.20487245797559958
