Sharpe: 3.959046821530045
Kelly: 0.2959652696535367
PCR: 0.20565451624455292
