Sharpe: 4.065289549075034
Kelly: 0.30367741581038077
PCR: 0.21103364172822336
