Sharpe: 4.474139702743819
Kelly: 0.32701592069739943
