Sharpe: 4.738306641785805
Kelly: 0.34604195357322665
