Sharpe: 4.459262481945268
Kelly: 0.3307328194611427
