Sharpe: 4.3820953188440335
Kelly: 0.32392363152627496
