Sharpe: 4.041557918083348
Kelly: 0.30101010771783565
