Sharpe: 4.386831841821239
Kelly: 0.32431934112723726
