Sharpe: 4.010060158234225
Kelly: 0.30072025578160616
