Sharpe: 3.9204321207582487
Kelly: 0.29339338861673686
