Sharpe: 3.9787843137058823
Kelly: 0.29629263195060684
