Sharpe: 3.964007234940567
Kelly: 0.29627280919418214
