Sharpe: 4.035193160553787
Kelly: 0.30061602857794484
