Sharpe: 4.320203361983424
Kelly: 0.32544432007110335
