Sharpe: 4.546151911592268
Kelly: 0.3311884317689689
