Sharpe: 4.665232008348034
Kelly: 0.34184732758271624
