Sharpe: 4.150940980478287
Kelly: 0.30781494387344666
