Sharpe: 4.590248671934443
Kelly: 0.33399671655305585
