Sharpe: 3.98053390107703
Kelly: 0.29719272741748215
