Sharpe: 4.091692097316715
Kelly: 0.30671896345040056
