Sharpe: 4.031883658683379
Kelly: 0.3028544751094042
