Sharpe: 4.1536487898594
Kelly: 0.3105767506876852
