Sharpe: 4.125293307428366
Kelly: 0.3080773776464427
