Sharpe: 4.636953983740797
Kelly: 0.3390160455988122
