Sharpe: 3.903605557177822
Kelly: 0.29353206308838903
PCR: 0.20323509888752525
