Sharpe: 4.21788484239504
Kelly: 0.31131391169836237
