Sharpe: 4.187580711507788
Kelly: 0.3102883654110124
