Sharpe: 3.9760691025177546
Kelly: 0.2960128000289095
