Sharpe: 2.7306090496333466
Kelly: 0.2234025944156535
PCR: 0.14686889774681536
P: 0.6381578947368426
B: 0.8724231010018332
E: 0.19490158419195924
