Sharpe: 4.050590337945791
Kelly: 0.3021321263064652
PCR: 0.20996610482134936
