Sharpe: 4.462538470394049
Kelly: 0.329159426986083
