Sharpe: 3.9149887006859436
Kelly: 0.29238940424068116
