Sharpe: 4.579174912142051
Kelly: 0.3324502465383308
