Sharpe: 4.342884163052564
Kelly: 0.3188422316206002
