Sharpe: 3.864026089370188
Kelly: 0.2900154260294827
