Sharpe: 4.572015604668441
Kelly: 0.33574964385300193
