Sharpe: 4.109780751849176
Kelly: 0.31081600494421524
