Sharpe: 3.9842140032587468
Kelly: 0.29924700149550293
PCR: 0.20697242015312392
