Sharpe: 4.108757123485005
Kelly: 0.3098879396442429
