Sharpe: 4.570208307521343
Kelly: 0.3342853688150089
