Sharpe: 4.286930581951089
Kelly: 0.31541730528460965
