Sharpe: 4.453655639341539
Kelly: 0.32836425945866227
