Sharpe: 10.192105706113361
Kelly: 0.6007870240731867
