Sharpe: 10.228074843290607
Kelly: 0.6033852831395055
