Sharpe: 10.020705694583588
Kelly: 0.6024010208565806
