Sharpe: 9.716388272914994
Kelly: 0.6183923135511026
