Sharpe: 9.639541276624374
Kelly: 0.6176144554032261
