Sharpe: 9.349689775515676
Kelly: 0.6150778437822435
