Sharpe: 10.163708034046147
Kelly: 0.600284635004594
