Sharpe: 9.81427009172519
Kelly: 0.594472722285319
