Sharpe: 9.80885368593827
Kelly: 0.6273614934130349
