Sharpe: 9.80016475936116
Kelly: 0.5931698346474772
