Sharpe: 9.758503550514462
Kelly: 0.6007443654543835
PCR: 0.2847323543111805
