Sharpe: 10.1745037071981
Kelly: 0.6022970695430109
