Sharpe: 9.756199135657303
Kelly: 0.5996282884816422
PCR: 0.28619454838083624
