Sharpe: 9.723769857884653
Kelly: 0.5982164543050094
PCR: 0.2835292118518605
P: 0.768211920529801
B: 1.3634956544293648
E: 0.815665535853023
