Sharpe: 9.855050738852581
Kelly: 0.5950489340737459
