Sharpe: 10.252837764064699
Kelly: 0.6043717490419533
