Sharpe: 9.770619615272407
Kelly: 0.6218937178913494
