Sharpe: 10.171896158113357
Kelly: 0.6015667620915017
