Sharpe: 9.887293006833922
Kelly: 0.6318189616003509
