Sharpe: 9.701604470092187
Kelly: 0.5989301454432655
