Sharpe: 9.621036934807979
Kelly: 0.6122910556912206
