Sharpe: 9.286955447112506
Kelly: 0.610446520873469
