Sharpe: 10.099709972825188
Kelly: 0.6058038855474808
