Sharpe: 9.63760611766127
Kelly: 0.5940977856676614
PCR: 0.28345383681780745
