Sharpe: 9.779585621455304
Kelly: 0.6224701381654986
