Sharpe: 10.204916814881795
Kelly: 0.602738256550816
