Sharpe: 9.967198418492575
Kelly: 0.6012622186636816
