Sharpe: 9.72897564387742
Kelly: 0.6185751341655907
