Sharpe: 9.606132793023962
Kelly: 0.6149847971896031
