Sharpe: 9.83329912624494
Kelly: 0.5929286246739626
