Sharpe: 9.59797920853741
Kelly: 0.6129170136461288
