Sharpe: 9.761415296857386
Kelly: 0.623630604737155
