Sharpe: 9.790799833784783
Kelly: 0.6195885987255617
