Sharpe: 9.86929150287945
Kelly: 0.5929391672702544
