Sharpe: 10.311246820267295
Kelly: 0.6100627867892535
