Sharpe: 9.616463107970242
Kelly: 0.5933730076844745
PCR: 0.2818857091103193
