Sharpe: 10.007693068564606
Kelly: 0.6383194704021471
