Sharpe: 9.913659030610736
Kelly: 0.5994002879446584
