Sharpe: 9.726318042125222
Kelly: 0.6183089417195732
