Sharpe: 9.778202011670716
Kelly: 0.6212787047375559
