Sharpe: 9.995076311006269
Kelly: 0.6004720838753445
