Sharpe: 9.606667644903766
Kelly: 0.6146698571519469
