Sharpe: 10.280389206342635
Kelly: 0.6078370652054811
