Sharpe: 9.663937237539415
Kelly: 0.5984671613416405
