Sharpe: 10.10715691215929
Kelly: 0.6000339896847072
