Sharpe: 9.65713557012444
Kelly: 0.5961768308101337
PCR: 0.28322545542531724
