Sharpe: 10.364778079875816
Kelly: 0.6117649019405449
