Sharpe: 9.801423013839722
Kelly: 0.591481116945655
