Sharpe: 6.621369915806151
Kelly: 0.5090924490275683
PCR: 0.222300924159733
P: 0.7350993377483444
B: 1.1720910975369931
E: 0.5967027273285184
