Sharpe: 9.730937944730126
Kelly: 0.6013076501907397
