Sharpe: 9.740759979914335
Kelly: 0.5894392023825005
