Sharpe: 10.272850303684619
Kelly: 0.604945032782827
