Sharpe: 9.873882294579213
Kelly: 0.5964997786582606
