Sharpe: 10.368105878544087
Kelly: 0.6091080686402117
