Sharpe: 10.10726545533447
Kelly: 0.5984362949244416
