Sharpe: 9.555080460126447
Kelly: 0.6113327301424129
