Sharpe: 9.722657999469217
Kelly: 0.6000831529115938
