Sharpe: 10.313960323094138
Kelly: 0.6091719054671801
