Sharpe: 9.48606607845384
Kelly: 0.5920759426011303
