Sharpe: 9.704408852453401
Kelly: 0.5981409881294838
PCR: 0.2836204668284493
