Sharpe: 9.713798993842232
Kelly: 0.5976230648155554
PCR: 0.28430191412903394
