Sharpe: 9.709993166752339
Kelly: 0.6166023134407742
