Sharpe: 9.67628962763837
Kelly: 0.5955301389335392
PCR: 0.28424369847853265
