Sharpe: 9.817883057293521
Kelly: 0.6256237146200531
