Sharpe: 9.698962948477247
Kelly: 0.6175198502798742
