Sharpe: 9.781042897310746
Kelly: 0.602615553065286
