Sharpe: 10.182491459128135
Kelly: 0.6018735599673719
