Sharpe: 9.917529676599955
Kelly: 0.5946498906458644
