Sharpe: 9.663567181845584
Kelly: 0.5959370499140129
PCR: 0.2829434070312584
