Sharpe: 9.373810587538014
Kelly: 0.6145298180404057
