Sharpe: 9.843994413443003
Kelly: 0.6283211049880948
