Sharpe: 9.649497179933585
Kelly: 0.6168121428653687
