Sharpe: 9.758503550514462
Kelly: 0.6007443654543835
PCR: 0.2847323543111805
P: 0.7707641196013286
B: 1.3482896828597055
E: 0.8099774299782457
