Sharpe: 9.378298824842089
Kelly: 0.6136645140256144
