Sharpe: 10.031619156461415
Kelly: 0.6035922805878016
