Sharpe: 9.731283857148247
Kelly: 0.6248119732795099
