Sharpe: 9.630975294367055
Kelly: 0.6133070766698925
