Sharpe: 6.4953171799344664
Kelly: 0.5015976346791169
PCR: 0.21885222058758222
P: 0.7326732673267327
B: 1.1568798042887276
E: 0.5802881734392654
