Sharpe: 9.93319484911236
Kelly: 0.598505119895475
