Sharpe: 10.182968408289227
Kelly: 0.6014979552954488
