Sharpe: 9.717333105726581
Kelly: 0.6002551636589557
