Sharpe: 10.310335983380028
Kelly: 0.6063723268748428
