Sharpe: 9.786216918878345
Kelly: 0.5897288715219219
