Sharpe: 9.637279191261662
Kelly: 0.6161547442537748
