Sharpe: 9.725074929806908
Kelly: 0.6193115359299366
