Sharpe: 6.5474494466674695
Kelly: 0.5039810400000041
PCR: 0.2206904954606217
P: 0.7335526315789473
B: 1.1606286587486119
E: 0.5849348384899352
