Sharpe: 9.75238710466523
Kelly: 0.6013612400182021
