Sharpe: 9.451221272783318
Kelly: 0.6161623213063403
