Sharpe: 9.757085655352123
Kelly: 0.5998948812419818
PCR: 0.2850636304755086
