Sharpe: 9.927830261302894
Kelly: 0.598257659845654
