Sharpe: 9.729609659024515
Kelly: 0.5907297549402404
