Sharpe: 9.678612158606901
Kelly: 0.6208540914869597
