Sharpe: 9.833751182536012
Kelly: 0.5914460603279508
