Sharpe: 9.610812853180494
Kelly: 0.594162874544287
PCR: 0.2813354742281281
