Sharpe: 9.903721592356758
Kelly: 0.5973231285814385
