Sharpe: 9.735063547162488
Kelly: 0.6165511205557194
