Sharpe: 9.63442297358362
Kelly: 0.6191475351277006
