Sharpe: 9.826789421781505
Kelly: 0.6035713763257916
PCR: 0.2880900877103048
