Sharpe: 9.70075049884407
Kelly: 0.6149272144589721
