Sharpe: 9.788694205077846
Kelly: 0.6021703679759939
