Sharpe: 9.998643186461736
Kelly: 0.6006119113658454
