Sharpe: 9.65285816093832
Kelly: 0.6146529619053757
