Sharpe: 9.522259326134918
Kelly: 0.6121721390052884
