Sharpe: 9.752790351906686
Kelly: 0.6179300481135819
