Sharpe: 9.53156211246364
Kelly: 0.5937027784479665
