Sharpe: 5.594484581583704
Kelly: 0.4268924457372694
PCR: 0.2575849481761578
P: 0.722972972972973
B: 0.9356475740347868
E: 0.399420881227853
