Sharpe: 7.316128129553262
Kelly: 0.5225426863795748
PCR: 0.3357283378356672
P: 0.7668918918918918
B: 0.9539957685532862
E: 0.49850351169458124
