Sharpe: 7.866394169569551
Kelly: 0.5456972987892175
PCR: 0.3510818613641629
