Sharpe: 7.521522007597272
Kelly: 0.5322524722607055
PCR: 0.34199907753960995
P: 0.7694915254237287
B: 0.9716295504596901
E: 0.5171522303537279
