Sharpe: 5.555289229133716
Kelly: 0.42363945847213547
PCR: 0.2555424606333316
P: 0.7205387205387206
B: 0.9412663322773931
E: 0.3987575592840479
