Sharpe: 7.521522007597272
Kelly: 0.5322524722607055
PCR: 0.34199907753960995
