Sharpe: 8.7182815007235
Kelly: 0.5543107169952672
PCR: 0.2579033708887512
