Sharpe: 8.633361190290177
Kelly: 0.5538892179168425
