Sharpe: 8.606147665098494
Kelly: 0.5494363784586377
PCR: 0.2550232889432897
