Sharpe: 8.863589021174887
Kelly: 0.5489850294409248
