Sharpe: 8.851904731938205
Kelly: 0.5698472786822188
