Sharpe: 9.202337514175007
Kelly: 0.560866034638529
