Sharpe: 8.859775456035369
Kelly: 0.5501945701345656
