Sharpe: 8.671583762894958
Kelly: 0.5546102562394112
PCR: 0.25737085093371637
