Sharpe: 8.766125936920428
Kelly: 0.5586894436247285
