Sharpe: 8.81622248351883
Kelly: 0.5523218953801684
