Sharpe: 8.672668263555684
Kelly: 0.5525637389487642
PCR: 0.2567146726639539
