Sharpe: 6.351605975877546
Kelly: 0.45809779482402707
PCR: 0.19500162233815577
P: 0.707236842105263
B: 1.1750994518505027
E: 0.5383104675916383
