Sharpe: 8.81456358475961
Kelly: 0.5534567047724636
