Sharpe: 8.793076318591073
Kelly: 0.5528001278377206
