Sharpe: 9.282054708379261
Kelly: 0.5638601029275901
