Sharpe: 9.295222835354643
Kelly: 0.5664698153623599
