Sharpe: 8.83062113233615
Kelly: 0.5525644493011156
