Sharpe: 8.777723678340386
Kelly: 0.5619827319255882
