Sharpe: 9.238307881377692
Kelly: 0.5624539370407088
