Sharpe: 8.821538833192282
Kelly: 0.5544500413389869
