Sharpe: 8.808701892753696
Kelly: 0.5510490735847129
