Sharpe: 8.84416005883982
Kelly: 0.5546637391396604
