Sharpe: 9.037942316829623
Kelly: 0.5706138707705256
