Sharpe: 8.8128125780614
Kelly: 0.5580948150649517
