Sharpe: 9.189263607860276
Kelly: 0.5649443486061703
