Sharpe: 8.736783706882123
Kelly: 0.5442675669512723
