Sharpe: 8.738396622983927
Kelly: 0.5603842837195692
