Sharpe: 8.857382545885288
Kelly: 0.5484536412382961
