Sharpe: 8.979384446958543
Kelly: 0.5569409877674788
