Sharpe: 8.926519483196833
Kelly: 0.5643569904455423
