Sharpe: 8.717360901654994
Kelly: 0.542989777961754
