Sharpe: 8.478489215135957
Kelly: 0.5472914572479176
