Sharpe: 8.888406796181501
Kelly: 0.5598287419348413
