Sharpe: 9.243747061669112
Kelly: 0.5635721315235281
