Sharpe: 9.040829129044752
Kelly: 0.5712477788627067
