Sharpe: 8.894420303660734
Kelly: 0.5567025597575924
