Sharpe: 9.083259805442507
Kelly: 0.5559386902330559
