Sharpe: 8.808548618798786
Kelly: 0.5622643395251478
