Sharpe: 9.20435359063557
Kelly: 0.5641514269442761
