Sharpe: 9.246474479790107
Kelly: 0.5646486607948962
