Sharpe: 9.052182914223005
Kelly: 0.5724973528736537
