Sharpe: 8.883986531376268
Kelly: 0.5530062482208901
