Sharpe: 8.776305710701045
Kelly: 0.5599767218615855
PCR: 0.2599067675180649
