Sharpe: 8.67327221577376
Kelly: 0.5418845665976978
