Sharpe: 9.209929465967981
Kelly: 0.5598981383557805
