Sharpe: 8.855211224632697
Kelly: 0.5620121493710893
