Sharpe: 8.920677542876247
Kelly: 0.5628161372368107
