Sharpe: 8.757099130764397
Kelly: 0.5581937461362525
PCR: 0.25757251860842245
P: 0.7483443708609266
B: 1.3234541275026155
E: 0.7387438172701705
