Sharpe: 8.747491531003906
Kelly: 0.5455177324751125
