Sharpe: 8.742526456625361
Kelly: 0.544469309329214
