Sharpe: 8.6180605137045
Kelly: 0.5505196469294792
PCR: 0.25497365711664394
