Sharpe: 8.926759301697105
Kelly: 0.5526546642205987
