Sharpe: 8.875492846385237
Kelly: 0.5648625806080505
