Sharpe: 8.70248653318429
Kelly: 0.5588516286474919
