Sharpe: 9.199927152436858
Kelly: 0.5601786418652456
