Sharpe: 8.973832545273837
Kelly: 0.5668070599615839
