Sharpe: 9.032651655237865
Kelly: 0.5703351164591011
