Sharpe: 8.527422322520657
Kelly: 0.5492004151443521
