Sharpe: 8.818194398128325
Kelly: 0.5530715063603951
