Sharpe: 8.91750787409231
Kelly: 0.5546651763067113
