Sharpe: 6.297990695136836
Kelly: 0.45554845918787856
PCR: 0.19324478295942182
P: 0.7062706270627062
B: 1.1715333168463087
E: 0.5336901973766006
