Sharpe: 9.141141234330796
Kelly: 0.5573782801373125
