Sharpe: 9.029537960991073
Kelly: 0.5703434293015948
