Sharpe: 8.749373009915626
Kelly: 0.5563025649605124
PCR: 0.2579926631375335
