Sharpe: 9.14682940198274
Kelly: 0.5582365459436304
