Sharpe: 9.085480820678143
Kelly: 0.5742884169911219
