Sharpe: 9.020670068037273
Kelly: 0.5696841364020012
