Sharpe: 8.899992818198603
Kelly: 0.5640829277557033
