Sharpe: 8.783803882928959
Kelly: 0.5494967968064918
