Sharpe: 8.938608185934788
Kelly: 0.5667143183251339
