Sharpe: 8.854816851588126
Kelly: 0.5662964795758091
