Sharpe: 9.172583600349729
Kelly: 0.5626972784413103
