Sharpe: 9.025405676461661
Kelly: 0.5689756896335993
