Sharpe: 8.659836422097987
Kelly: 0.5563016203828242
