Sharpe: 8.722946505198438
Kelly: 0.5471808044683847
