Sharpe: 8.710156635416968
Kelly: 0.5547268019704832
PCR: 0.2573029490383877
