Sharpe: 9.096432723728862
Kelly: 0.5746540692290337
