Sharpe: 8.768041165554676
Kelly: 0.5574686803969308
PCR: 0.2582182821550785
