Sharpe: 8.842556998897127
Kelly: 0.5599441988461521
