Sharpe: 8.85887116970785
Kelly: 0.5562465693284302
