Sharpe: 9.045187368161091
Kelly: 0.5725739764695054
