Sharpe: 9.242235958711035
Kelly: 0.5668465301728642
