Sharpe: 8.947199320357223
Kelly: 0.5675412726417838
