Sharpe: 9.215431507676469
Kelly: 0.5614098689927056
