Sharpe: 8.7855050267089
Kelly: 0.5615269969091772
