Sharpe: 8.691742201156698
Kelly: 0.5577656372034542
