Sharpe: 8.778831818648143
Kelly: 0.5505652153812975
