Sharpe: 9.015097891625553
Kelly: 0.571616396136939
