Sharpe: 8.674927938422279
Kelly: 0.5555731261625145
