Sharpe: 8.834840914316075
Kelly: 0.5576928152327688
