Sharpe: 8.800875721228607
Kelly: 0.5466635301178678
