Sharpe: 9.151907629766292
Kelly: 0.5599572965582724
