Sharpe: 8.83366902413026
Kelly: 0.550000920767631
