Sharpe: 8.655244016597527
Kelly: 0.5526773752176519
PCR: 0.2565597636196406
