Sharpe: 8.833126430321201
Kelly: 0.5635520093734531
PCR: 0.26161461270185776
