Sharpe: 8.930169178239392
Kelly: 0.551203260174662
