Sharpe: 8.711608280409093
Kelly: 0.556224349582853
PCR: 0.2583401962572461
