Sharpe: 6.32228364656808
Kelly: 0.4556091568677502
PCR: 0.1942080308537051
P: 0.705298013245033
B: 1.1802768895287405
E: 0.5377449585086802
