Sharpe: 8.768041165554676
Kelly: 0.5574686803969308
PCR: 0.2582182821550785
P: 0.74750830564784
B: 1.3286265641641468
E: 0.740667697464895
