Sharpe: 9.117111573738912
Kelly: 0.5567785720496159
