Sharpe: 8.992683466814066
Kelly: 0.5671377231029968
