Sharpe: 8.978529235213253
Kelly: 0.5531198172206064
