Sharpe: 8.846026048747186
Kelly: 0.5565409026052504
