Sharpe: 5.872197852480374
Kelly: 0.48825143187082526
PCR: 0.46002612150457406
