Sharpe: 5.6583027661905705
Kelly: 0.48187561282640057
