Sharpe: 5.825450798818069
Kelly: 0.49351478946806254
