Sharpe: 5.776392802297033
Kelly: 0.4883364044253415
