Sharpe: 6.104125239641203
Kelly: 0.5018646273772603
PCR: 0.47362860989685635
