Sharpe: 5.615982512728448
Kelly: 0.47823171906631884
