Sharpe: 6.151640588095222
Kelly: 0.5074536146229693
PCR: 0.4761896750808661
