Sharpe: 5.940355925190199
Kelly: 0.4924109688427298
PCR: 0.46403414103571217
