Sharpe: 7.486106818758646
Kelly: 0.546104796218277
