Sharpe: 6.1355538731077806
Kelly: 0.5046747524856467
PCR: 0.47591400643003334
