Sharpe: 5.605585699465529
Kelly: 0.4756159051727013
