Sharpe: 7.982645415932286
Kelly: 0.5773752839646658
