Sharpe: 6.0065274476671116
Kelly: 0.5020657313083153
