Sharpe: 6.393447357769616
Kelly: 0.5231326732090397
