Sharpe: 5.868570162339618
Kelly: 0.4916330330167685
