Sharpe: 5.966147258395485
Kelly: 0.500776020075247
