Sharpe: 6.015329523407428
Kelly: 0.499143467589875
