Sharpe: 6.489195435369209
Kelly: 0.5280897146577717
