Sharpe: 6.140823135680529
Kelly: 0.5088727264386601
