Sharpe: 5.792229672912227
Kelly: 0.4904225748827322
