Sharpe: 6.1355538731077806
Kelly: 0.5046747524856467
PCR: 0.47591400643003334
P: 0.7983193277310924
B: 0.6868189957206962
E: 0.3466202066677828
