Sharpe: 4.853482137153436
Kelly: 0.4378305727650514
PCR: 0.3759534251471356
P: 0.7916666666666666
B: 0.5887848552591713
E: 0.25778801041351085
