Sharpe: 6.055652051727279
Kelly: 0.502351998362033
PCR: 0.47092708631120184
