Sharpe: 5.189450041022417
Kelly: 0.46200757847819096
PCR: 0.39645061008552324
P: 0.7983193277310924
B: 0.5996836944202222
E: 0.27705841151194227
