Sharpe: 6.065668847634759
Kelly: 0.49881236958288155
PCR: 0.4710187790628359
