Sharpe: 7.832110335143881
Kelly: 0.5713110190503871
