Sharpe: 6.064725422909734
Kelly: 0.49877719154800537
PCR: 0.47100066178180333
