Sharpe: 8.050725937845273
Kelly: 0.5059008037030354
