Sharpe: 7.507988897306914
Kelly: 0.480982160917913
