Sharpe: 7.792658385972229
Kelly: 0.4927794249870094
