Sharpe: 7.275174179312448
Kelly: 0.4637287829538269
