Sharpe: 7.735542150754977
Kelly: 0.49045384410409215
