Sharpe: 7.356272142680994
Kelly: 0.4617833737375907
