Sharpe: 7.244127835548997
Kelly: 0.46304447238804736
