Sharpe: 7.966626558682427
Kelly: 0.5023241042869762
