Sharpe: 7.330328520992668
Kelly: 0.4668150112139613
