Sharpe: 7.5703085642797365
Kelly: 0.4781619273915998
