Sharpe: 7.603153323577559
Kelly: 0.4769043747319979
