Sharpe: 7.176648730512277
Kelly: 0.4599219507788129
