Sharpe: 7.401402357428066
Kelly: 0.46999772165617276
