Sharpe: 7.856303056574583
Kelly: 0.49621955027320164
