Sharpe: 7.565698600673963
Kelly: 0.4736933580442792
