Sharpe: 7.517333116336475
Kelly: 0.47557359175833386
