Sharpe: 7.517953047724847
Kelly: 0.46973678551922937
