Sharpe: 7.111254510799132
Kelly: 0.455505109950269
