Sharpe: 7.678781833282028
Kelly: 0.48784659596260904
