Sharpe: 7.881585050141262
Kelly: 0.4987809988571694
