Sharpe: 8.250354753271278
Kelly: 0.513817242508806
