Sharpe: 7.444250534796619
Kelly: 0.4723673590993304
