Sharpe: 7.489061909565493
Kelly: 0.47303111127664205
