Sharpe: 7.5957971446575705
Kelly: 0.4834701855197451
