Sharpe: 8.044278267343621
Kelly: 0.5044442674112559
