Sharpe: 7.781862683927732
Kelly: 0.4938816505564849
