Sharpe: 7.4436299310937795
Kelly: 0.4650349980832513
