Sharpe: 7.579558656051868
Kelly: 0.4840229563744625
