Sharpe: 7.63798400425776
Kelly: 0.48659084571891087
