Sharpe: 7.535582816128018
Kelly: 0.47392285795224637
