Sharpe: 7.187226374568038
Kelly: 0.461982508710556
