Sharpe: 7.432826890801129
Kelly: 0.4690209576249781
