Sharpe: 7.5194783808053
Kelly: 0.47992825137873035
