Sharpe: 7.487809852002811
Kelly: 0.46774057198138635
