Sharpe: 7.426360824887719
Kelly: 0.46635335322021787
