Sharpe: 7.077468987057973
Kelly: 0.4554587701572424
