Sharpe: 7.433414231420524
Kelly: 0.4651362064809858
