Sharpe: 7.878315486916031
Kelly: 0.4979115064831084
