Sharpe: 5.936892250359044
Kelly: 0.4994348911403511
PCR: 0.5369925549489236
