Sharpe: 5.429566310905318
Kelly: 0.4857672151354632
PCR: 0.4780940209485233
P: 0.8032786885245902
B: 0.6195722925398589
E: 0.3009679071221818
