Sharpe: 6.374108687510135
Kelly: 0.5328887553702036
