Sharpe: 6.0374947993969625
Kelly: 0.5064760796811753
PCR: 0.5432984014079898
