Sharpe: 6.162226354558848
Kelly: 0.5159012325296262
PCR: 0.551441223820988
P: 0.8
B: 0.7039805268456729
E: 0.3631844214765382
