Sharpe: 6.162226354558848
Kelly: 0.5159012325296262
PCR: 0.551441223820988
