Sharpe: 6.135450924479477
Kelly: 0.5132722225385171
PCR: 0.5493698046078856
