Sharpe: 5.8455347668575754
Kelly: 0.5017752972050031
