Sharpe: 5.837001363845764
Kelly: 0.4971583026332309
