Sharpe: 5.674098472815876
Kelly: 0.49283586757084286
