Sharpe: 5.874320479813862
Kelly: 0.504919915272429
