Sharpe: 5.405507908628699
Kelly: 0.4831495037636808
PCR: 0.4762180502277345
P: 0.8016528925619835
B: 0.6227472435579734
E: 0.3008800216952349
