Sharpe: 6.236066057942798
Kelly: 0.5200212482165202
PCR: 0.555490326126633
P: 0.8016528925619835
B: 0.7042784836874165
E: 0.36623977617916853
