Sharpe: 5.975665307187728
Kelly: 0.5092323496347354
