Sharpe: 6.011194706821808
Kelly: 0.5037669106918556
PCR: 0.5412041120315833
