Sharpe: 6.008220099029779
Kelly: 0.5123635187444021
