Sharpe: 6.26280244123394
Kelly: 0.5240077655641389
