Sharpe: 6.237963907820444
Kelly: 0.52127054423787
