Sharpe: 6.176283359521309
Kelly: 0.5207473276022984
