Sharpe: 6.066232667448944
Kelly: 0.5092334856300659
PCR: 0.5454685976296553
