Sharpe: 5.915796680132171
Kelly: 0.5029655151685867
