Sharpe: 5.500575486899854
Kelly: 0.4817835164950297
