Sharpe: 6.121596718460193
Kelly: 0.5137956785656788
