Sharpe: 6.257706256549396
Kelly: 0.5253273946241692
