Sharpe: 5.974849804586929
Kelly: 0.5070152320412481
