Sharpe: 5.520579717346553
Kelly: 0.47762624016886895
