Sharpe: 5.9172568022233145
Kelly: 0.5018132971228256
