Sharpe: 5.994831727883064
Kelly: 0.5112720363227441
