Sharpe: 5.643930352890979
Kelly: 0.4895510471982159
