Sharpe: 6.300965326603531
Kelly: 0.3892263682603206
