Sharpe: 6.276643808413069
Kelly: 0.38921033485006756
