Sharpe: 6.52112257056519
Kelly: 0.40058572987975666
