Sharpe: 6.4464520759333315
Kelly: 0.40069390541229055
