Sharpe: 4.003091813368642
Kelly: 0.2989261649421953
PCR: 0.14665164380620657
P: 0.6250000000000002
B: 1.1500462768916189
E: 0.34377892305726165
