Sharpe: 6.144540734250208
Kelly: 0.38316286159279295
