Sharpe: 6.29565798326567
Kelly: 0.3903517235492411
