Sharpe: 6.195441928278349
Kelly: 0.3889772294870894
PCR: 0.2040150210463565
