Sharpe: 6.333195821251903
Kelly: 0.39193366195070445
