Sharpe: 6.201334396623669
Kelly: 0.389302053136712
