Sharpe: 6.1565606073963615
Kelly: 0.38336543690590136
