Sharpe: 6.2199031756659835
Kelly: 0.3864238851422968
