Sharpe: 6.298198599621729
Kelly: 0.3896248075775297
