Sharpe: 6.385384370226559
Kelly: 0.3934483470029711
