Sharpe: 6.051558890892135
Kelly: 0.3806703967225677
PCR: 0.19901969044097972
P: 0.6456953642384111
B: 1.3368726693284467
E: 0.5089078494008179
