Sharpe: 6.290029465074801
Kelly: 0.39017083246075396
