Sharpe: 6.62723285021011
Kelly: 0.40569212430765034
