Sharpe: 6.48863155247135
Kelly: 0.3979862420832008
