Sharpe: 6.420619848768742
Kelly: 0.3992572128951061
