Sharpe: 6.488630773345666
Kelly: 0.40326546900562465
