Sharpe: 6.5738631806603545
Kelly: 0.40313490678746716
