Sharpe: 6.353604298621214
Kelly: 0.39314489711683853
