Sharpe: 6.202526334861149
Kelly: 0.39012671715224184
PCR: 0.20390105290108618
