Sharpe: 6.392658866522817
Kelly: 0.39708565347207836
