Sharpe: 6.377764708365153
Kelly: 0.3971875108089961
