Sharpe: 6.310887667605376
Kelly: 0.3932476653208664
PCR: 0.20852006416062735
