Sharpe: 6.237869337464171
Kelly: 0.3910215175108666
PCR: 0.20494684650252887
