Sharpe: 6.332141929232142
Kelly: 0.3904434670179439
