Sharpe: 6.11007313626225
Kelly: 0.3842454238631188
PCR: 0.2008825040874898
P: 0.6478405315614623
B: 1.3359863599651791
E: 0.5133466451601654
