Sharpe: 6.201022796419452
Kelly: 0.3884467959347713
PCR: 0.2035847372670115
