Sharpe: 6.11007313626225
Kelly: 0.3842454238631188
PCR: 0.2008825040874898
