Sharpe: 6.440171977235844
Kelly: 0.396090128527231
