Sharpe: 6.260807857870703
Kelly: 0.39291063661815995
PCR: 0.20594164095463233
