Sharpe: 6.449699159281885
Kelly: 0.4017849684995146
