Sharpe: 6.437305141507928
Kelly: 0.3970854824416826
