Sharpe: 6.312473981098393
Kelly: 0.39091162647396743
