Sharpe: 6.4190560061809405
Kelly: 0.3999598775422845
