Sharpe: 6.23613737512861
Kelly: 0.3901380580645979
PCR: 0.20584407493975979
