Sharpe: 6.302197418923307
Kelly: 0.3940529577956938
PCR: 0.20790910484290934
