Sharpe: 6.303782883615268
Kelly: 0.3895417163552878
