Sharpe: 6.253997041385508
Kelly: 0.38816306900246456
