Sharpe: 6.478153709657149
Kelly: 0.39904393304133007
