Sharpe: 6.538417866818667
Kelly: 0.4013623587352362
