Sharpe: 4.031561234220687
Kelly: 0.30133006885293634
PCR: 0.14731683694239017
P: 0.6258278145695366
B: 1.1530810009301167
E: 0.3474579774032848
