Sharpe: 6.380160293210992
Kelly: 0.3944053628224652
