Sharpe: 6.2703603962405
Kelly: 0.39203649282350866
PCR: 0.20669691527354053
