Sharpe: 3.9450946543492553
Kelly: 0.2954686950298143
PCR: 0.14445037316574413
P: 0.623762376237624
B: 1.1460397969835383
E: 0.33861888326695944
