Sharpe: 6.3993489232296925
Kelly: 0.3944472770570052
