Sharpe: 6.308153140274639
Kelly: 0.38951291477541344
