Sharpe: 6.494037243839535
Kelly: 0.3991337070609147
