Sharpe: 6.386167567188578
Kelly: 0.3945992764553688
