Sharpe: 6.339724347929211
Kelly: 0.3920116531560004
