Sharpe: 6.520569609858938
Kelly: 0.40057425319879225
