Sharpe: 6.405569285746532
Kelly: 0.39481615809514353
