Sharpe: 6.443132598251819
Kelly: 0.39828582784569116
