Sharpe: 6.207476337735256
Kelly: 0.388265920198142
PCR: 0.20470284620369467
