Sharpe: 6.250648919142479
Kelly: 0.3917531770402666
