Sharpe: 6.456705289786823
Kelly: 0.3975894062194826
