Sharpe: 6.092696071907913
Kelly: 0.3828405211369424
PCR: 0.2006340335531994
