Sharpe: 6.490283195032062
Kelly: 0.39959736328508283
