Sharpe: 6.500366678575358
Kelly: 0.4009870139642496
