Sharpe: 6.391476359931371
Kelly: 0.39808449012280644
