Sharpe: 6.2258726242226885
Kelly: 0.3870939506645416
