Sharpe: 6.232332778404286
Kelly: 0.38615260791795997
