Sharpe: 6.482680016234914
Kelly: 0.39847849119987516
