Sharpe: 6.4159680224557185
Kelly: 0.3961034222573613
