Sharpe: 7.2002199024986995
Kelly: 0.4557894795084864
