Sharpe: 7.874144675647706
Kelly: 0.501080843137789
