Sharpe: 7.254928793445177
Kelly: 0.45821685356406344
