Sharpe: 6.983197288271535
Kelly: 0.45091987116513715
