Sharpe: 7.768107416597283
Kelly: 0.4879298579731742
