Sharpe: 7.159770245901912
Kelly: 0.45200541467966926
