Sharpe: 8.552401927279012
Kelly: 0.5391468559235543
