Sharpe: 7.8036917744664205
Kelly: 0.49734372384105613
