Sharpe: 7.784022665380124
Kelly: 0.498286561405607
