Sharpe: 6.837919202208355
Kelly: 0.43909735856547427
