Sharpe: 7.119317825238669
Kelly: 0.4535960279044087
