Sharpe: 7.0022260805825
Kelly: 0.44616669177142565
