Sharpe: 7.054683454833017
Kelly: 0.450888565832294
