Sharpe: 7.2014819321258035
Kelly: 0.4547685776112556
