Sharpe: 7.880766540967078
Kelly: 0.4957033774354263
