Sharpe: 7.088976666759932
Kelly: 0.45490112270696853
