Sharpe: 7.023542352303744
Kelly: 0.44648586046862404
