Sharpe: 6.772449638651263
Kelly: 0.4374060891521047
PCR: 0.2219865684803536
