Sharpe: 6.977658975299509
Kelly: 0.4454957131283967
