Sharpe: 7.908476237149451
Kelly: 0.49888684833044916
