Sharpe: 8.33283603951179
Kelly: 0.5293051094772031
