Sharpe: 7.112901516130144
Kelly: 0.45259778018591873
