Sharpe: 6.8531187830274165
Kelly: 0.4419404178771148
PCR: 0.22542575156244937
