Sharpe: 7.080344231306548
Kelly: 0.4541611834678039
