Sharpe: 7.209844517702182
Kelly: 0.45432258352236277
