Sharpe: 6.756493538630453
Kelly: 0.4370547270426812
PCR: 0.22177549668963906
