Sharpe: 7.443705758591753
Kelly: 0.4777205973200642
