Sharpe: 7.127123325321958
Kelly: 0.45016598908440375
