Sharpe: 7.851535712033402
Kelly: 0.4962833694246174
