Sharpe: 6.88131320850339
Kelly: 0.4435741888650804
PCR: 0.22600288964726628
