Sharpe: 8.329899986065858
Kelly: 0.5305805349668823
