Sharpe: 7.077997901593832
Kelly: 0.449560277919789
