Sharpe: 6.826307156001278
Kelly: 0.4408748703891345
PCR: 0.22375750654064483
