Sharpe: 6.967062203930118
Kelly: 0.4442012998411599
