Sharpe: 7.176846141391523
Kelly: 0.45580594715548256
