Sharpe: 7.024524907513468
Kelly: 0.4444447657959531
