Sharpe: 7.8506175076638165
Kelly: 0.5010483636420655
