Sharpe: 8.027511195500006
Kelly: 0.5116000884832435
