Sharpe: 7.201016064105178
Kelly: 0.4580711555506613
