Sharpe: 7.806177983507546
Kelly: 0.48836976632618695
