Sharpe: 7.095512516688529
Kelly: 0.4540355816439653
