Sharpe: 8.162033368945652
Kelly: 0.521785217462299
