Sharpe: 7.120223244809531
Kelly: 0.44889470519366476
