Sharpe: 8.28662895293786
Kelly: 0.5276696283508825
