Sharpe: 7.094860592934172
Kelly: 0.44951346627286026
