Sharpe: 8.10458130256841
Kelly: 0.5177992142992122
