Sharpe: 7.177098182470344
Kelly: 0.4570478374763697
