Sharpe: 6.990970392824488
Kelly: 0.44461014703926843
