Sharpe: 6.913072249833147
Kelly: 0.4416752794378145
