Sharpe: 6.787866579583127
Kelly: 0.4384290851680954
PCR: 0.2233748074647706
