Sharpe: 7.888294549706604
Kelly: 0.5030164472352571
