Sharpe: 7.156550609264393
Kelly: 0.45107264363176636
