Sharpe: 7.155186264368479
Kelly: 0.45237436247614166
