Sharpe: 7.684699158029726
Kelly: 0.4827870099902302
