Sharpe: 7.6718558130890475
Kelly: 0.4879639511566402
