Sharpe: 8.136473676565064
Kelly: 0.5200767802321816
