Sharpe: 7.052127377459636
Kelly: 0.44676572834676453
