Sharpe: 6.763428914053396
Kelly: 0.43817064034804176
PCR: 0.2213533230096205
