Sharpe: 3.9723926616051335
Kelly: 0.33181175977589533
PCR: 0.16467929328734085
P: 0.6336633663366341
B: 1.2136315517328595
E: 0.4026972209000307
