Sharpe: 7.5451371615265375
Kelly: 0.4822041240319189
