Sharpe: 8.069836593336989
Kelly: 0.5148736693637913
