Sharpe: 7.094348340851857
Kelly: 0.45065756281664754
