Sharpe: 4.066542919908246
Kelly: 0.3388036315325883
PCR: 0.16815043614353392
P: 0.635761589403974
B: 1.2265655825723996
E: 0.41556487368841377
