Sharpe: 8.010297901821962
Kelly: 0.5067302105829911
