Sharpe: 6.780386833824611
Kelly: 0.43950337754611946
PCR: 0.22154845064687978
P: 0.6843853820598004
B: 1.2888436558128789
E: 0.5664511398586486
