Sharpe: 6.812377725964839
Kelly: 0.4396074525411984
PCR: 0.22368204670503108
