Sharpe: 4.024089700897834
Kelly: 0.3350031153035145
PCR: 0.16681403041368123
P: 0.6348684210526321
B: 1.2176519655556808
E: 0.40791720181660085
