Sharpe: 6.916797280137584
Kelly: 0.4427243957814621
