Sharpe: 6.917773505835323
Kelly: 0.446630348668996
