Sharpe: 7.537647084213852
Kelly: 0.48355207164331476
