Sharpe: 7.602788266716629
Kelly: 0.4849318552741431
