Sharpe: 6.780386833824611
Kelly: 0.43950337754611946
PCR: 0.22154845064687978
