Sharpe: 7.0426937170068715
Kelly: 0.45165828559905336
