Sharpe: 7.095108243364179
Kelly: 0.4537624042417103
