Sharpe: 7.081830462137524
Kelly: 0.44801623488080267
