Sharpe: 6.92697231839087
Kelly: 0.4473167847615433
PCR: 0.22817302206168996
