Sharpe: 6.852536882766921
Kelly: 0.43890234441987164
