Sharpe: 7.083584137787822
Kelly: 0.44918611932263697
