Sharpe: 7.748899304808705
Kelly: 0.49122878277121057
