Sharpe: 6.759011705723841
Kelly: 0.4361428349525287
PCR: 0.2222144128511768
