Sharpe: 7.8414274790446905
Kelly: 0.49042485968422594
