Sharpe: 7.595340452336726
Kelly: 0.48479142263393743
