Sharpe: 7.782068248309056
Kelly: 0.4902659706550303
