Sharpe: 7.074547349856186
Kelly: 0.4467794440041087
