Sharpe: 7.175965700747499
Kelly: 0.4543496735924749
