Sharpe: 7.125534212749311
Kelly: 0.45345416975647124
