Sharpe: 7.260211984819625
Kelly: 0.4566356124961212
