Sharpe: 6.8954456450422565
Kelly: 0.43979429509079887
