Sharpe: 8.204110953722441
Kelly: 0.5243914994609504
