Sharpe: 7.147921575680707
Kelly: 0.4572102846227479
