Sharpe: 6.963369360617572
Kelly: 0.4428510232716761
