Sharpe: 7.7952740505653315
Kelly: 0.486960315447088
