Sharpe: 7.214828616876259
Kelly: 0.45408027820969826
