Sharpe: 7.766315968898975
Kelly: 0.486199602930562
