Sharpe: 7.910466399800797
Kelly: 0.49534343969615546
