Sharpe: 6.697353559859527
Kelly: 0.43478051111976174
PCR: 0.21917453878723583
P: 0.682119205298013
B: 1.2852044673321374
E: 0.5587818552000678
