Sharpe: 7.864930346556607
Kelly: 0.4954424455413595
