Sharpe: 7.152602597712702
Kelly: 0.45252511996619316
