Sharpe: 7.139606272683803
Kelly: 0.4506021858235976
