Sharpe: 7.182934642698848
Kelly: 0.45645463463260116
