Sharpe: 7.954705054637124
Kelly: 0.4987745717602756
