Sharpe: 7.782707840485705
Kelly: 0.4933248789559908
