Sharpe: 6.871099647981028
Kelly: 0.44441252361027045
