Sharpe: 6.89987065834916
Kelly: 0.4451010747545327
PCR: 0.22703735119182067
