Sharpe: 0.8145249643446352
Kelly: 0.05369311367581347
PCR: Infinity
P: 0.43000000000000016
B: 1.5147211510473066
E: 0.08133009495034206
