Sharpe: 0.7019421186834456
Kelly: 0.04566350667362743
