Sharpe: 1.0924580652421596
Kelly: 0.07078200778215002
