Sharpe: 0.7864514218341355
Kelly: 0.05122651930086691
