Sharpe: 1.0777417511159477
Kelly: 0.06993336703820655
