Sharpe: 0.9891213675289341
Kelly: 0.06439121554682241
