Sharpe: 0.5029340103888275
Kelly: 0.03296679462028642
PCR: Infinity
