Sharpe: 0.9731386372287786
Kelly: 0.06338802075047936
