Sharpe: 1.0322380884562317
Kelly: 0.06691711836048245
