Sharpe: 0.7639572663617239
Kelly: 0.04980949481081804
