Sharpe: 0.8179127911877068
Kelly: 0.053727675395692634
PCR: Infinity
P: 0.4290429042904292
B: 1.5212734569577122
E: 0.08173448648350716
