Sharpe: 0.6175026531947644
Kelly: 0.04021528559478475
PCR: Infinity
