Sharpe: 0.6879068493278638
Kelly: 0.04470603499030359
