Sharpe: 0.6312942810035413
Kelly: 0.04102063688415295
