Sharpe: 0.6499202264917788
Kelly: 0.042057603275847705
