Sharpe: 0.6222142978248745
Kelly: 0.04076108733436807
