Sharpe: 0.8268132126812908
Kelly: 0.05439906134263259
PCR: Infinity
P: 0.43046357615894054
B: 1.514464676677231
E: 0.08238545684781491
