Sharpe: 0.7542737209387027
Kelly: 0.049091906080457104
