Sharpe: 1.050124153118746
Kelly: 0.06837192320457473
