Sharpe: 0.4386686542809002
Kelly: 0.028774599067955115
PCR: Infinity
