Sharpe: 0.64892533130078
Kelly: 0.042309150273388815
PCR: Infinity
