Sharpe: 0.6549494743939233
Kelly: 0.04277447405135619
PCR: Infinity
