Sharpe: 0.6583079146462689
Kelly: 0.042674223106349864
