Sharpe: 0.8145249643446352
Kelly: 0.05369311367581347
PCR: Infinity
