Sharpe: 0.7896892769967402
Kelly: 0.05156109978239657
