Sharpe: 0.5631637380536598
Kelly: 0.036899731077684336
PCR: Infinity
