Sharpe: 0.5720448369442889
Kelly: 0.037370406862821594
PCR: Infinity
