Sharpe: 1.0438928161349474
Kelly: 0.06757890921608911
