Sharpe: 0.5794528302301912
Kelly: 0.038045031657495954
PCR: Infinity
