Sharpe: 0.7024788083479347
Kelly: 0.04566799656841646
