Sharpe: 0.7817574133224252
Kelly: 0.050774565035170416
