Sharpe: 0.7750466753623398
Kelly: 0.050299199644543886
