Sharpe: 0.8705882157148438
Kelly: 0.05641594146685185
