Sharpe: 0.8873735688349227
Kelly: 0.05774418730909042
