Sharpe: 0.6264935809426624
Kelly: 0.04061095576736798
