Sharpe: 0.7722055472457489
Kelly: 0.050206561326525866
