Sharpe: 0.7509122099692684
Kelly: 0.04953490908104509
PCR: Infinity
P: 0.4285714285714287
B: 1.50758183458644
E: 0.07467792910847446
