Sharpe: 0.7027329370852626
Kelly: 0.04591364411083772
PCR: Infinity
