Sharpe: 0.6432428275363099
Kelly: 0.041838195705349426
