Sharpe: 0.8459132181449943
Kelly: 0.05510831338765374
