Sharpe: 0.717197354509322
Kelly: 0.04690435609504844
PCR: Infinity
