Sharpe: 0.765862261166782
Kelly: 0.04971191359667549
