Sharpe: 0.8234375331221006
Kelly: 0.05352805421151821
