Sharpe: 0.5563030407000641
Kelly: 0.03619381181133376
