Sharpe: 0.6186004204936177
Kelly: 0.04052869296478088
PCR: Infinity
