Sharpe: 0.9234077344644391
Kelly: 0.060122767604285546
