Sharpe: 1.2118460079368085
Kelly: 0.07793522005944303
