Sharpe: 0.6865825874737815
Kelly: 0.04449465229397519
