Sharpe: 0.7143820267545505
Kelly: 0.04636205315490206
