Sharpe: 0.9081047685341491
Kelly: 0.059160528119313265
