Sharpe: 0.6366145232591097
Kelly: 0.041467838593880715
