Sharpe: 0.8525646613897719
Kelly: 0.055496533847566275
