Sharpe: 9.852238979818003
Kelly: 0.6102512220173404
