Sharpe: 9.507072615401816
Kelly: 0.5940881596597101
