Sharpe: 9.459167427319517
Kelly: 0.6171523307959723
