Sharpe: 8.84153619105948
Kelly: 0.5701426799801094
