Sharpe: 9.395480313704834
Kelly: 0.6001425106213223
PCR: 0.31286923492695323
