Sharpe: 9.437390283931071
Kelly: 0.5913282740209005
