Sharpe: 9.524573252571232
Kelly: 0.594420132690563
