Sharpe: 9.60218918949434
Kelly: 0.6213879378506073
