Sharpe: 9.413904000975714
Kelly: 0.5995152231655598
PCR: 0.31163148762875653
