Sharpe: 9.333414770547872
Kelly: 0.5889254914007245
