Sharpe: 9.480179994297378
Kelly: 0.6054899701382123
