Sharpe: 9.891740753801534
Kelly: 0.6125259546889245
