Sharpe: 9.502482146521738
Kelly: 0.5924259941052719
