Sharpe: 9.373960553052331
Kelly: 0.6000666656868981
