Sharpe: 9.469239993552783
Kelly: 0.6161965405329584
