Sharpe: 9.772725600645986
Kelly: 0.6071447862068667
