Sharpe: 9.33428722773949
Kelly: 0.5944747919274268
PCR: 0.3095440358390713
