Sharpe: 6.123442287385949
Kelly: 0.5237499054173962
PCR: 0.25079489498969315
P: 0.76158940397351
B: 1.002401188506717
E: 0.5250075276706786
