Sharpe: 9.883127212740728
Kelly: 0.6115496378348009
