Sharpe: 9.941462585960863
Kelly: 0.614177886677336
