Sharpe: 9.469835459928392
Kelly: 0.617577239559188
