Sharpe: 9.455909624359478
Kelly: 0.5912928020058928
