Sharpe: 9.38895939043271
Kelly: 0.5908927763828421
