Sharpe: 9.337731853827838
Kelly: 0.5848974835769382
