Sharpe: 9.779663544428528
Kelly: 0.6082091804196095
