Sharpe: 9.413904000975714
Kelly: 0.5995152231655598
PCR: 0.31163148762875653
P: 0.7840531561461794
B: 1.1702030057771327
E: 0.7015545161574864
