Sharpe: 9.495194724543026
Kelly: 0.5941612171239928
