Sharpe: 9.485983956599446
Kelly: 0.596403192248841
