Sharpe: 9.455355793188431
Kelly: 0.5893346305653302
