Sharpe: 9.419904755524598
Kelly: 0.6026171144906035
PCR: 0.31386234293648196
