Sharpe: 9.2664446263501
Kelly: 0.5865747818081837
