Sharpe: 9.78951309570026
Kelly: 0.6060218200898484
