Sharpe: 9.99486153066242
Kelly: 0.6373506598374132
