Sharpe: 9.71662174433672
Kelly: 0.6280506745405375
