Sharpe: 9.249237684086305
Kelly: 0.5970816110440621
