Sharpe: 9.43083178604117
Kelly: 0.5989173240085011
PCR: 0.31253626816364566
