Sharpe: 9.637520245798411
Kelly: 0.5984348275611763
