Sharpe: 9.389240166278615
Kelly: 0.6021617465302156
