Sharpe: 9.420735539981205
Kelly: 0.6024244291584375
