Sharpe: 9.555290555320381
Kelly: 0.6181454493679643
