Sharpe: 8.79432335524411
Kelly: 0.5663234016531026
