Sharpe: 9.73057540839331
Kelly: 0.6040428735005047
