Sharpe: 9.743127038505127
Kelly: 0.6079129109260142
