Sharpe: 9.464375399267166
Kelly: 0.6041856954166511
PCR: 0.314947761585905
