Sharpe: 9.718618745410367
Kelly: 0.6031657324637415
