Sharpe: 9.309513784493655
Kelly: 0.5948944700749509
PCR: 0.30912898948916434
