Sharpe: 9.411609743083373
Kelly: 0.5874562944885932
