Sharpe: 9.494001958313579
Kelly: 0.5954091570520678
