Sharpe: 9.361718952031989
Kelly: 0.5961808497511414
PCR: 0.30985679686970985
P: 0.7814569536423841
B: 1.1795533356309158
E: 0.7032271099632327
