Sharpe: 9.335095465220359
Kelly: 0.5971213769347509
PCR: 0.3102638870279399
