Sharpe: 9.211694825861189
Kelly: 0.5956056144151904
