Sharpe: 9.694146880112168
Kelly: 0.6025127152058517
