Sharpe: 9.888266992267646
Kelly: 0.6109463717124961
