Sharpe: 9.75988101707547
Kelly: 0.6046997929408323
