Sharpe: 9.897849659650625
Kelly: 0.6323654133816937
