Sharpe: 9.289863583436574
Kelly: 0.5947894626881612
PCR: 0.30991105578854544
