Sharpe: 9.499925956828875
Kelly: 0.6193879353083755
