Sharpe: 9.87957367232288
Kelly: 0.6310304716563114
