Sharpe: 9.44706030737524
Kelly: 0.604146212958991
