Sharpe: 9.335158609576657
Kelly: 0.5877699205614187
