Sharpe: 9.419904755524598
Kelly: 0.6026171144906035
