Sharpe: 9.449086135289434
Kelly: 0.5920852828040445
