Sharpe: 9.650909880524466
Kelly: 0.5994040536845259
