Sharpe: 9.499365313553861
Kelly: 0.6190585870452582
