Sharpe: 9.616648618585614
Kelly: 0.6035439460519746
