Sharpe: 9.401038008948735
Kelly: 0.601309220348565
