Sharpe: 9.516220619288667
Kelly: 0.5954864142954718
