Sharpe: 9.556016671232767
Kelly: 0.5988123995925936
