Sharpe: 9.699962380055606
Kelly: 0.6019944009023008
