Sharpe: 9.26170639562115
Kelly: 0.5851737892692461
