Sharpe: 9.445372469213265
Kelly: 0.5921441008709543
