Sharpe: 9.372712502548525
Kelly: 0.5896064416991931
