Sharpe: 9.483600893308449
Kelly: 0.5909525810170113
