Sharpe: 9.61690548068613
Kelly: 0.5979712922213193
