Sharpe: 9.670104634647116
Kelly: 0.6054380683798206
