Sharpe: 9.641540090169803
Kelly: 0.6256212770487586
