Sharpe: 8.954023605343759
Kelly: 0.5723023505048991
