Sharpe: 9.496013083268295
Kelly: 0.616136985340435
