Sharpe: 9.643270549150602
Kelly: 0.6002930125147324
