Sharpe: 9.586023046906229
Kelly: 0.6196055635002605
