Sharpe: 9.434056201386916
Kelly: 0.6034377684987817
