Sharpe: 9.838319167691658
Kelly: 0.6076956374918948
