Sharpe: 9.578252278968906
Kelly: 0.598074526977185
