Sharpe: 9.531131582054119
Kelly: 0.5963652642116469
