Sharpe: 9.286730848373555
Kelly: 0.5928050504620802
PCR: 0.3080703093054286
