Sharpe: 9.795197554016495
Kelly: 0.6073670152826812
