Sharpe: 9.692778984832719
Kelly: 0.6009720699512264
