Sharpe: 9.803601754841097
Kelly: 0.607233022626268
