Sharpe: 8.88493635498453
Kelly: 0.5696998430052665
