Sharpe: 9.40560118804789
Kelly: 0.5921174527653134
