Sharpe: 9.458743737717999
Kelly: 0.5940036005521556
