Sharpe: 9.373365558670136
Kelly: 0.5968920751094645
PCR: 0.31030939271017993
