Sharpe: 9.502728461540459
Kelly: 0.5956741766132354
