Sharpe: 9.384809302316574
Kelly: 0.5962226035038016
PCR: 0.31106710408273924
