Sharpe: 5.962014569198546
Kelly: 0.5137221233598926
PCR: 0.24673178278354738
P: 0.7598684210526316
B: 0.9755644557657392
E: 0.5011690436904137
