Sharpe: 9.480498808097218
Kelly: 0.6148773042754081
