Sharpe: 9.507542025136523
Kelly: 0.5950695686600778
