Sharpe: 9.698678791238269
Kelly: 0.6046039290660681
