Sharpe: 9.849059832297261
Kelly: 0.6105182726136932
