Sharpe: 9.702064289527703
Kelly: 0.6006042647378818
