Sharpe: 9.588935167619368
Kelly: 0.5966308807088418
