Sharpe: 8.8664807120228
Kelly: 0.5742652120159503
