Sharpe: 5.914940730481988
Kelly: 0.5113951360657807
PCR: 0.24481311524074192
P: 0.7590759075907592
B: 0.9727202112859371
E: 0.4974443848045067
