Sharpe: 9.200149285687937
Kelly: 0.5828459334147547
