Sharpe: 9.323128727202443
Kelly: 0.5961371849258447
PCR: 0.3105051106569635
