Sharpe: 9.488940930238703
Kelly: 0.6186267824122759
