Sharpe: 5.241217165961625
Kelly: 0.4582354462125364
