Sharpe: 11.581739841785264
Kelly: 0.6704623416584693
PCR: 0.27957162090595306
P: 0.8039867109634551
B: 1.4679963669315348
E: 0.9842362817190423
