Sharpe: 11.470765503779816
Kelly: 0.6627810522333517
PCR: 0.2689102305739082
