Sharpe: 9.08823899626462
Kelly: 0.5761120283571848
PCR: 0.21676844164756393
P: 0.7590759075907589
B: 1.3167850037857658
E: 0.7586156794413408
