Sharpe: 11.414883415857576
Kelly: 0.6596268018678937
PCR: 0.2678855394840556
