Sharpe: 9.138109394340699
Kelly: 0.5778849333529034
PCR: 0.21811026047124654
P: 0.7598684210526314
B: 1.319523996284673
E: 0.762533036650525
