Sharpe: 11.577131722566397
Kelly: 0.6711724434807133
PCR: 0.27895867488887843
P: 0.8046357615894039
B: 1.4638047455967873
E: 0.9824654078808596
