Sharpe: 11.414883415857576
Kelly: 0.6596268018678937
PCR: 0.2678855394840556
P: 0.7973421926910301
B: 1.471569779511706
E: 0.9706868673847481
