Sharpe: 9.110784880620535
Kelly: 0.5781427765570911
PCR: 0.2175346776284949
P: 0.7615894039735098
B: 1.2996183106997339
E: 0.7513649386123804
